N bt: 28
2008072212   23.4  133.9  15  0
2008072218   23.3  133.0  15  0
2008072318   21.6  133.4  15  0
2008072400   21.6  133.2  15  0
2008072406   21.6  132.8  20  0
2008072412   21.6  132.4  25  1
2008072418   21.6  132.0  30  1
2008072500   21.6  131.5  35  1
2008072506   21.8  130.7  35  1
2008072512   21.9  129.8  40  1
2008072518   21.8  128.7  45  1
2008072600   21.5  127.8  55  1
2008072606   21.2  127.0  60  1
2008072612   21.1  126.2  65  1
2008072618   21.2  125.5  70  1
2008072700   21.7  124.8  75  1
2008072706   22.1  124.0  85  1
2008072712   22.6  123.2  90  1
2008072718   23.1  122.3  95  1
2008072800   23.6  121.4  85  1
2008072806   24.1  120.4  70  1
2008072812   25.1  119.8  60  1
2008072818   25.8  118.9  45  1
2008072900   26.3  118.2  35  1
2008072906   26.9  118.0  25  1
2008072912   27.6  117.8  25  1
2008072918   28.4  117.9  25  1
2008073000   29.1  118.0  20  0
