 005   01103012
 02S 075S 0827E  2700 030
 14L 312N 0457W  3550 180
 15L 139N 0840W  3600 000
 95E 150N 1120W  3040 304
 96E 115N 1200W  2850 050
  
 *** 02S  -7.5   82.7  270.0   1.5  0  0  0
 000 02S  -7.4   83.3  270.0   1.5  1  4  8
 012 02S  -7.5   81.0  268.4  11.2  1  4  8
 024 02S  -8.5   78.5  248.0  13.4  1  4  8
 036 02S  -9.5   77.1  233.9   8.6  1  4  8
 048 02S  -9.9   74.5  262.7  13.2  1  4  8
 060 02S -11.3   73.5  215.4   8.6  1  4  8
 072 02S -12.5   71.5  236.6  11.4  1  4  8
 084 02S -12.4   71.3  299.7   1.5  1  4  7
 096 02S -12.4   68.4  269.2  13.8  1  4  8
 108 02S -12.5   69.0  100.9   2.6  1  3  2
 120 02S -11.5   66.3  291.7  14.0  1  4  8
 *** 14L  31.2  314.3  355.0   9.0  0  0  0
 000 14L  30.5  314.0  355.0   9.0  1  4  8
 012 14L  34.8  316.0   21.7  23.2 -1  9  0
 024 14L  35.6  315.4  329.0   4.9 -1  6  0
 036 14L  32.9  316.2  166.7  14.2 -1  7  0
 048 14L  34.9  319.9   57.1  18.2 -1 12  0
 060 14L  33.6  320.0  175.8   6.4 -1 13  0
 072 14L  33.0  320.0  175.5   2.7 -1 15  0
 084 14L  33.0  319.9  240.5   0.4 -1 11  0
 096 14L  35.7  317.6  324.6  16.6 -1 10  0
 108 14L  99.9  999.9  *****  ****  0  0  0
 LOST TRACK OF CYCLONE
 *** 15L  13.9  276.0  360.0   0.0  0  0  0
 000 15L  14.5  276.5  360.0   0.0  1  4  8
 012 15L  15.4  275.4  308.6   7.0  2  4  8
 024 15L  16.3  274.4  314.9   6.2  1  4  8
 036 15L  16.5  275.1   71.3   3.1  2  3  2
 048 15L  17.3  276.4   58.4   7.6  1  4  8
 060 15L  17.6  276.6   23.9   1.6  1  4  8
 072 15L  18.8  276.6    0.7   5.9  1  4  8
 084 15L  19.5  276.8   17.8   4.0  1  4  8
 096 15L  20.0  276.5  327.7   2.9  1  4  8
 108 15L  20.5  277.8   69.6   6.6  1  4  8
 120 15L  21.4  278.7   40.9   6.0  1  4  8
 *** 95E  15.0  248.0  304.0  15.2  0  0  0
 000 95E  14.4  245.7  304.0  15.2 -1 18  0
 012 95E  16.0  243.1  303.6  15.0 -1 17  0
 024 95E  18.5  240.6  315.1  17.3 -1 12  0
 036 95E  20.1  237.9  303.0  15.3 -1  9  0
 048 95E  17.4  236.4  206.6  15.2 -1 14  0
 060 95E  19.2  235.8  342.1   9.4 -1 15  0
 072 95E  20.9  235.0  336.2   9.5 -1 17  0
 084 95E  22.2  234.8  349.5   6.2 -1 15  0
 096 95E  22.4  234.0  293.5   3.6 -1 10  0
 108 95E  22.0  233.5  230.7   3.1 -1  7  0
 120 95E  21.4  232.6  236.6   5.4 -1  6  0
 *** 96E  11.5  240.0  285.0   2.5  0  0  0
 000 96E  10.6  241.4  285.0   2.5  1  4  8
 012 96E  11.5  240.1  307.1   8.0  1  4  8
 024 96E  13.5  239.5  343.4  10.4  2  4  8
 036 96E  15.6  237.7  320.9  13.3  1  4  8
 048 96E  17.4  236.4  324.9  11.2  1  4  8
 060 96E  18.6  235.5  324.6   7.1  1  4  8
 072 96E  20.5  234.8  340.2  10.1  1  4  8
 084 96E  21.4  234.6  350.0   4.9  1  4  8
 096 96E  22.2  234.5  351.6   3.8  1  4  8
 108 96E  22.0  233.5  261.4   4.7  1  4  8
 120 96E  21.5  232.7  232.9   4.5  1  4  8
 FINISHED TRACKING CYCLONES
