 004   98082512
 09E 174N 1194W  2766 086
 02L 289N 0747W  3245 135
 04L 162N 0433W  2818 196
 06W 252N 1335E  0725 066

 *** 09E  17.4  240.6  276.6   4.3  0  0  0
 000 09E  17.4  241.6  276.6   4.3  1  4  8
 012 09E  17.5  240.7  275.3   4.4  1  4  8
 024 09E  17.7  239.5  281.5   5.9  1  4  8
 036 09E  18.5  238.5  308.1   6.3  1  4  8
 048 09E  18.7  236.6  276.6   8.9  1  4  8
 060 09E  19.7  235.5  315.3   7.5  1  4  8
 072 09E  20.5  232.5  285.7  14.5  1  4  8
 084 09E  20.5  231.2  267.6   6.3  1  4  8
 096 09E  20.5  228.4  271.2  12.8  1  4  8
 108 09E  19.8  225.5  255.4  14.0  1  4  8
 120 09E  19.5  222.3  263.4  15.3  1  4  8
 *** 02L  28.9  285.3  324.5   6.8  0  0  0
 000 02L  27.9  285.5  324.5   6.8  1  4  8
 012 02L  29.6  283.7  316.0  11.5  1  4  8
 024 02L  31.5  282.6  333.1  10.7  1  4  8
 036 02L  32.7  282.5  358.4   5.8  1  4  8
 048 02L  33.7  282.6    3.0   5.0  1  4  8
 060 02L  34.5  284.2   57.4   8.0  1  4  8
 072 02L  35.5  285.2   38.6   6.3  1  4  8
 084 02L  37.5  288.2   50.9  15.9  1  4  8
 096 02L  40.4  292.6   48.8  22.2  1  4  8
 108 02L  43.5  298.7   56.6  27.5  1  4  8
 120 02L  45.5  306.9   70.8  31.0  1  4  8
 *** 04L  16.2  316.7  281.8   9.8  0  0  0
 000 04L  14.4  316.6  281.8   9.8  1  4  8
 012 04L  15.6  313.8  294.9  15.0 -1  7  0
 024 04L  16.8  310.0  288.2  19.2 -1  7  0
 036 04L  17.7  307.1  287.1  14.7 -1  7  0
 048 04L  18.2  303.7  279.3  16.1 -1  9  0
 060 04L  18.5  301.3  277.2  11.8 -1 10  0
 072 04L  19.0  298.4  280.4  13.8 -1 12  0
 084 04L  19.3  296.0  277.4  11.6 -1 13  0
 096 04L  20.5  292.8  291.9  16.2 -1 14  0
 108 04L  21.2  289.9  285.1  14.2 -1 16  0
 120 04L  22.7  287.1  299.5  14.7 -1 18  0
 *** 06W  25.2  133.5   72.5   3.3  0  0  0
 000 06W  24.5  133.3   72.5   3.3  1  4  8
 012 06W  24.6  134.6   87.6   6.0  1  4  8
 024 06W  24.5  136.0   92.7   6.2  1  4  8
 036 06W  25.5  136.8   35.8   6.1  1  4  8
 048 06W  25.6  137.3   81.6   2.3  1  4  8
 060 06W  26.5  137.1  353.7   4.8  1  4  8
 072 06W  27.4  137.5   20.6   4.8  1  4  8
 084 06W  28.3  137.5  359.0   4.3  1  4  8
 096 06W  29.0  137.5  359.2   3.4  1  4  7
 108 06W  31.0  137.5  359.9  10.4  1  4  8
 120 06W  32.5  137.4  357.4   7.5  1  4  8
 FINISHED TRACKING CYCLONES
