N bt: 30
1996101412   12.8  279.6  25  1
1996101500   14.1  278.6  25  1
1996101512   15.4  277.5  30  1
1996101600   16.8  276.5  30  1
1996101612   18.2  276.2  45  1
1996101700   18.2  275.8  55  1
1996101712   19.6  276.5  65  1
1996101800   21.3  277.2  70  1
1996101812   22.4  278.5  85  1
1996101900   23.0  281.8  85  1
1996101912   24.4  286.0 100  1
1996102000   26.9  291.0  80  1
1996102012   29.6  295.0  85  1
1996102100   31.9  299.2  75  1
1996102112   33.7  302.1  65  1
1996102200   34.0  304.1  65  1
1996102212   33.7  305.4  65  1
1996102300   33.4  306.1  65  1
1996102312   33.1  306.3  65  1
1996102400   33.7  307.2  70  1
1996102412   34.0  308.1  70  1
1996102500   34.3  310.1  80  1
1996102512   35.8  314.6  85  1
1996102600   38.1  319.0  75  1
1996102612   40.5  324.2  65  1
1996102700   44.3  329.5  55  1
1996102712   48.2  336.9  55  0
1996102800   52.5  344.5  55  0
1996102812   54.0  352.5  55  0
1996102900   54.0  361.0  55  0
