 7 0 3 1 0 71212 210  885999-99     N INDIAN O
 7 0 3 2 0 713 0 213  882317 21     N INDIAN O
 7 0 3 3 0 71312 223  862298106     N INDIAN O
 7 0 3 4 0 714 0 236  835298140     N INDIAN O
 7 0 3 5 0 71412 251  808301144     N INDIAN O
 7 0 3 6 0 715 0 269  782308148     N INDIAN O
 7 0 4 1 0 72812 183  890999-99     N INDIAN O
 7 0 4 2 0 729 0 186  884298 32     N INDIAN O
 7 0 4 3 0 72912 187  881289 15     N INDIAN O
 7 0 4 4 0 730 0 189  879317 14     N INDIAN O
 7 0 4 5 0 73012 194  871304 45     N INDIAN O
 7 0 4 6 0 731 0 197  865298 32     N INDIAN O
 7 0 4 7 0 73112 202  860317 34     N INDIAN O
 7 0 4 8 0 8 1 0 206  854305 34     N INDIAN O
 7 0 4 9 0 8 112 223  831309137     N INDIAN O
 7 0 410 0 8 2 0 239  809308129     N INDIAN O
 7 2 4 1 2 71412 202  892999-99     N INDIAN O
 7 2 4 2 2 715 0 206  888317 27     N INDIAN O
 7 2 4 3 2 71512 216  873306 86     N INDIAN O
 7 2 4 4 2 716 0 222  863303 55     N INDIAN O
 7 2 4 5 2 71612 233  838296128     N INDIAN O
 7 2 4 6 2 717 0 242  815293114     N INDIAN O
 7 2 4 7 2 71712 248  803299 63     N INDIAN O
 7 2 4 8 2 718 0 255  795314 50     N INDIAN O
 7 2 4 9 2 71812 262  790327 42     N INDIAN O
 7 2 410 2 719 0 270  788347 41     N INDIAN O
 7 2 5 1 2 72612 215  885999-99     N INDIAN O
 7 2 5 2 2 727 0 220  880317 34     N INDIAN O
 7 2 5 3 2 72712 226  873313 44     N INDIAN O
 7 2 5 4 2 728 0 230  867306 34     N INDIAN O
 7 2 5 5 2 72812 238  845292108     N INDIAN O
 7 2 5 6 2 729 0 244  822286109     N INDIAN O
 7 2 5 7 2 72912 246  808279 64     N INDIAN O
 7 2 5 8 2 730 0 250  793286 71     N INDIAN O
 7 2 5 9 2 73012 253  786295 35     N INDIAN O
 7 2 510 2 731 0 254  782286 19     N INDIAN O
 7 2 511 2 73112 263  777333 50     N INDIAN O
 7 2 512 2 8 1 0 270  777360 35     N INDIAN O
 7 2 513 2 8 112 278  782 29 46     N INDIAN O
 7 2 514 2 8 2 0 288  792 41 67     N INDIAN O
 7 3 4 1 3 71112 183  875999-99     N INDIAN O
 7 3 4 2 3 712 0 183  868270 33     N INDIAN O
 7 3 4 3 3 71212 185  860285 39     N INDIAN O
 7 3 4 4 3 713 0 190  855317 34     N INDIAN O
 7 3 4 5 3 71312 195  854349 26     N INDIAN O
 7 3 4 6 3 714 0 199  854360 20     N INDIAN O
 7 3 5 1 3 71312 201  691999-99     N INDIAN O
 7 3 5 2 3 714 0 206  698 53 41     N INDIAN O
 7 3 5 3 3 71412 208  703 67 26     N INDIAN O
 7 3 5 4 3 715 0 213  706 29 28     N INDIAN O
 7 3 5 5 3 71512 215  707 25 11     N INDIAN O
 7 3 5 6 3 716 0 221  707360 30     N INDIAN O
 7 3 6 1 3 72212 207  878999-99     N INDIAN O
 7 3 6 2 3 723 0 207  870270 37     N INDIAN O
 7 3 6 3 3 72312 208  841272136     N INDIAN O
 7 3 6 4 3 724 0 208  811270140     N INDIAN O
 7 4 3 1 4 7 612 228  891999-99     N INDIAN O
 7 4 3 2 4 7 7 0 228  886270 23     N INDIAN O
 7 4 3 3 4 7 712 229  875276 51     N INDIAN O
 7 4 3 4 4 7 8 0 230  867278 38     N INDIAN O
 7 4 3 5 4 7 812 236  854297 67     N INDIAN O
 7 4 3 6 4 7 9 0 242  839294 75     N INDIAN O
 7 4 3 7 4 7 912 246  820283 89     N INDIAN O
 7 4 3 8 4 710 0 249  797278106     N INDIAN O
 7 4 3 9 4 71012 253  788296 45     N INDIAN O
 7 4 310 4 711 0 258  780305 44     N INDIAN O
 7 4 4 1 4 7 112 209  885999-99     N INDIAN O
 7 4 4 2 4 7 2 0 215  852281157     N INDIAN O
 7 4 4 3 4 7 212 216  835274 79     N INDIAN O
 7 4 4 4 4 7 3 0 216  816270 88     N INDIAN O
 7 5 2 1 5 71012 206  903999-99     N INDIAN O
 7 5 2 2 5 711 0 209  897298 32     N INDIAN O
 7 5 2 3 5 71112 216  888310 55     N INDIAN O
 7 5 2 4 5 712 0 225  879317 62     N INDIAN O
 7 5 2 5 5 71212 229  874311 31     N INDIAN O
 7 5 2 6 5 713 0 234  869317 34     N INDIAN O
 7 5 2 7 5 71312 243  856307 74     N INDIAN O
 7 5 2 8 5 714 0 249  844299 63     N INDIAN O
 7 5 3 1 5 7 412 215  902999-99     N INDIAN O
 7 5 3 2 5 7 5 0 217  893283 43     N INDIAN O
 7 5 3 3 5 7 512 223  873288 98     N INDIAN O
 7 5 3 4 5 7 6 0 227  851281103     N INDIAN O
 7 5 3 5 5 7 612 229  832277 88     N INDIAN O
 7 5 3 6 5 7 7 0 232  812279 93     N INDIAN O
 7 5 3 7 5 7 712 233  790273101     N INDIAN O
 7 5 3 8 5 7 8 0 235  772277 83     N INDIAN O
 7 5 4 1 5 71812 214  895999-99     N INDIAN O
 7 5 4 2 5 719 0 212  888253 34     N INDIAN O
 7 5 4 3 5 71912 209  872259 76     N INDIAN O
 7 5 4 4 5 720 0 208  858266 66     N INDIAN O
 7 5 4 5 5 72012 211  839280 90     N INDIAN O
 7 5 4 6 5 721 0 214  822281 81     N INDIAN O
 7 5 4 7 5 72112 216  792274140     N INDIAN O
 7 5 4 8 5 722 0 220  761278145     N INDIAN O
 7 5 4 9 5 72212 226  738286111     N INDIAN O
 7 5 410 5 723 0 235  720299 94     N INDIAN O
 7 5 411 5 72312 237  712285 38     N INDIAN O
 7 5 412 5 724 0 242  704304 44     N INDIAN O
 7 6 3 1 6 72412 208  909999-99     N INDIAN O
 7 6 3 2 6 725 0 213  905323 31     N INDIAN O
 7 6 3 3 6 72512 223  893312 75     N INDIAN O
 7 6 3 4 6 726 0 230  881302 66     N INDIAN O
 7 6 3 5 6 72612 233  871288 48     N INDIAN O
 7 6 3 6 6 727 0 234  861276 46     N INDIAN O
 7 6 4 1 6 7 612 241  906999-99     N INDIAN O
 7 6 4 2 6 7 7 0 239  900250 29     N INDIAN O
 7 6 4 3 6 7 712 236  894241 32     N INDIAN O
 7 6 4 4 6 7 8 0 234  889246 25     N INDIAN O
 7 6 4 5 6 7 812 229  878244 57     N INDIAN O
 7 6 4 6 6 7 9 0 226  864257 67     N INDIAN O
 7 6 4 7 6 7 912 222  851252 63     N INDIAN O
 7 6 4 8 6 710 0 219  840254 53     N INDIAN O
 7 6 4 9 6 71012 219  828270 56     N INDIAN O
 7 6 410 6 711 0 224  819301 48     N INDIAN O
 7 6 5 1 6 72012 197  876999-99     N INDIAN O
 7 6 5 2 6 721 0 199  869287 34     N INDIAN O
 7 6 5 3 6 72112 203  854286 73     N INDIAN O
 7 6 5 4 6 722 0 207  841288 64     N INDIAN O
 7 6 5 5 6 72212 214  821291100     N INDIAN O
 7 6 5 6 6 723 0 223  805301 87     N INDIAN O
 7 9 3 1 9 73012 207  894999-99     N INDIAN O
 7 9 3 2 9 731 0 208  889282 24     N INDIAN O
 7 9 3 3 9 73112 218  862292135     N INDIAN O
 7 9 3 4 9 8 1 0 229  829290163     N INDIAN O
 7 9 3 5 9 8 112 237  798286148     N INDIAN O
 7 9 3 6 9 8 2 0 246  770289136     N INDIAN O
 710 2 110 63012 197  907999-99     N INDIAN O
 710 2 210 7 1 0 200  900295 36     N INDIAN O
 710 2 310 7 112 200  900  0  0     N INDIAN O
 710 2 410 7 2 0 200  900  0  0     N INDIAN O
 710 2 510 7 212 204  891295 47     N INDIAN O
 710 2 610 7 3 0 206  884287 34     N INDIAN O
 710 2 710 7 312 210  858279123     N INDIAN O
 710 2 810 7 4 0 215  836284106     N INDIAN O
 710 2 910 7 412 220  816285 96     N INDIAN O
 710 21010 7 5 0 225  795284100     N INDIAN O
 710 21110 7 512 229  758277172     N INDIAN O
 710 21210 7 6 0 235  725281155     N INDIAN O
 710 21310 7 612 241  705288 97     N INDIAN O
 710 21410 7 7 0 249  691302 75     N INDIAN O
 712 1 112 72612 199  889999-99     N INDIAN O
 712 1 212 727 0 200  881278 38     N INDIAN O
 712 1 312 72712 203  874295 36     N INDIAN O
 712 1 412 728 0 204  869282 24     N INDIAN O
 712 1 512 72812 217  835292172     N INDIAN O
 712 1 612 729 0 228  805292149     N INDIAN O
 712 1 712 72912 239  751283254     N INDIAN O
 712 1 812 730 0 241  690272279     N INDIAN O
 713 1 113 72912 217  893999-99     N INDIAN O
 713 1 213 730 0 217  885270 37     N INDIAN O
 713 1 313 73012 219  875282 48     N INDIAN O
 713 1 413 731 0 221  866284 43     N INDIAN O
 713 1 513 73112 223  849277 79     N INDIAN O
 713 1 613 8 1 0 225  834278 70     N INDIAN O
 713 1 713 8 112 228  821284 62     N INDIAN O
 713 1 813 8 2 0 231  811288 48     N INDIAN O
 713 2 113 72212 211  909999-99     N INDIAN O
 713 2 213 723 0 212  900277 42     N INDIAN O
 713 2 313 72312 213  894280 28     N INDIAN O
 713 2 413 724 0 215  880279 66     N INDIAN O
 713 2 513 72412 222  875327 42     N INDIAN O
 713 2 613 725 0 228  857290 88     N INDIAN O
 713 2 713 72512 233  828281136     N INDIAN O
 713 2 813 726 0 235  801275124     N INDIAN O
 713 2 913 72612 237  774275124     N INDIAN O
 713 21013 727 0 240  749278115     N INDIAN O
 713 21113 72712 243  727279102     N INDIAN O
 713 21213 728 0 248  704283108     N INDIAN O
 713 3 113 71512 188  877999-99     N INDIAN O
 713 3 213 716 0 193  872317 34     N INDIAN O
 713 3 313 71612 199  863305 52     N INDIAN O
 713 3 413 717 0 203  855298 43     N INDIAN O
 713 3 513 71712 212  834295108     N INDIAN O
 713 3 613 718 0 218  812286107     N INDIAN O
 713 3 713 71812 230  770287203     N INDIAN O
 713 3 813 719 0 243  727288208     N INDIAN O
 713 3 913 71912 245  710277 78     N INDIAN O
 713 31013 720 0 250  698295 60     N INDIAN O
 713 31113 72012 263  689328 77     N INDIAN O
 713 31213 721 0 279  689360 80     N INDIAN O
 714 4 114 7 912 180  868999-99     N INDIAN O
 714 4 214 710 0 185  868360 25     N INDIAN O
 714 4 314 71012 195  868360 50     N INDIAN O
 714 4 414 711 0 208  866352 66     N INDIAN O
 714 4 514 71112 224  837301157     N INDIAN O
 714 4 614 712 0 237  804293165     N INDIAN O
 714 4 714 71212 243  795306 51     N INDIAN O
 714 4 814 713 0 247  788302 38     N INDIAN O
 717 5 117 72912 225  905999-99     N INDIAN O
 717 5 217 730 0 229  901317 27     N INDIAN O
 717 5 317 73012 235  891303 55     N INDIAN O
 717 5 417 731 0 240  880296 56     N INDIAN O
 717 5 517 73112 240  880  0  0     N INDIAN O
 717 5 617 8 1 0 240  880  0  0     N INDIAN O
 717 5 717 8 112 246  867297 67     N INDIAN O
 717 5 817 8 2 0 249  855285 57     N INDIAN O
 717 5 917 8 212 252  835279 92     N INDIAN O
 717 51017 8 3 0 254  820278 68     N INDIAN O
 718 4 118 72712 205  891999-99     N INDIAN O
 718 4 218 728 0 204  886258 24     N INDIAN O
 718 4 318 72812 203  877263 43     N INDIAN O
 718 4 418 729 0 203  870270 33     N INDIAN O
 718 4 518 72912 209  848286108     N INDIAN O
 718 4 618 730 0 218  830298 95     N INDIAN O
 719 2 119 72712 175  907999-99     N INDIAN O
 719 2 219 728 0 181  904335 33     N INDIAN O
 719 2 319 72812 185  901325 24     N INDIAN O
 719 2 419 729 0 187  899317 14     N INDIAN O
 719 2 519 72912 190  896317 21     N INDIAN O
 719 2 619 730 0 194  894335 23     N INDIAN O
 719 2 719 73012 199  887307 42     N INDIAN O
 719 2 819 731 0 202  883309 24     N INDIAN O
 719 2 919 73112 205  875292 40     N INDIAN O
 719 21019 8 1 0 209  867298 43     N INDIAN O
 719 21119 8 112 218  842291125     N INDIAN O
 719 21219 8 2 0 226  827300 80     N INDIAN O
 719 21319 8 212 235  790285176     N INDIAN O
 719 21419 8 3 0 247  767300121     N INDIAN O
 719 21519 8 312 255  754304 71     N INDIAN O
 719 21619 8 4 0 262  744308 57     N INDIAN O
 719 3 119 63012 198  875999-99     N INDIAN O
 719 3 219 7 1 0 199  870282 24     N INDIAN O
 719 3 319 7 112 207  825281215     N INDIAN O
 719 3 419 7 2 0 228  790303193     N INDIAN O
 719 3 519 7 212 238  788350 51     N INDIAN O
 719 3 619 7 3 0 248  789  5 50     N INDIAN O
 720 4 120 72912 212  891999-99     N INDIAN O
 720 4 220 730 0 213  886282 24     N INDIAN O
 720 4 320 73012 216  876288 49     N INDIAN O
 720 4 420 731 0 219  870298 32     N INDIAN O
 720 4 520 73112 226  856298 73     N INDIAN O
 720 4 620 8 1 0 234  845308 64     N INDIAN O
 720 5 120 72012 236  885999-99     N INDIAN O
 720 5 220 721 0 230  885180 30     N INDIAN O
 720 5 320 72112 223  884188 35     N INDIAN O
 720 5 420 722 0 219  883193 21     N INDIAN O
 720 5 520 72212 214  882191 26     N INDIAN O
 720 5 620 723 0 210  881193 21     N INDIAN O
 720 5 720 72312 198  855244136     N INDIAN O
 720 5 820 724 0 208  820287172     N INDIAN O
 720 5 920 72412 223  806319 99     N INDIAN O
 720 51020 725 0 237  796327 84     N INDIAN O
 720 51120 72512 252  789337 82     N INDIAN O
 720 51220 726 0 267  784343 78     N INDIAN O
 720 6 120 71512 154  871999-99     N INDIAN O
 720 6 220 716 0 168  874 12 72     N INDIAN O
 720 6 320 71612 173  874360 25     N INDIAN O
 720 6 420 717 0 178  873349 26     N INDIAN O
 720 6 520 71712 182  871335 23     N INDIAN O
 720 6 620 718 0 189  870352 35     N INDIAN O
 720 6 720 71812 197  862317 55     N INDIAN O
 720 6 820 719 0 202  853301 49     N INDIAN O
 721 2 121 72312 175  893999-99     N INDIAN O
 721 2 221 724 0 181  894  9 30     N INDIAN O
 721 2 321 72412 186  894360 25     N INDIAN O
 721 2 421 725 0 193  894360 35     N INDIAN O
 721 2 521 72512 198  893349 26     N INDIAN O
 721 2 621 726 0 206  892353 40     N INDIAN O
 721 2 721 72612 213  889338 38     N INDIAN O
 721 2 821 727 0 225  883335 66     N INDIAN O
 721 2 921 72712 229  871290 59     N INDIAN O
 721 21021 728 0 233  858289 63     N INDIAN O
 721 21121 72812 236  842282 75     N INDIAN O
 721 21221 729 0 238  830280 56     N INDIAN O
 721 21321 72912 245  790281186     N INDIAN O
 721 21421 730 0 248  758276146     N INDIAN O
 721 21521 73012 250  725274150     N INDIAN O
 721 21621 731 0 252  698275123     N INDIAN O
 722 3 122 7 612 193  889999-99     N INDIAN O
 722 3 222 7 7 0 196  890 17 16     N INDIAN O
 722 3 322 7 712 205  885332 51     N INDIAN O
 722 3 422 7 8 0 210  877304 45     N INDIAN O
 722 3 522 7 812 221  862308 89     N INDIAN O
 722 3 622 7 9 0 232  848310 85     N INDIAN O
 722 3 722 7 912 240  839314 58     N INDIAN O
 722 3 822 710 0 248  831318 54     N INDIAN O
 722 4 122 72612 205  886999-99     N INDIAN O
 722 4 222 727 0 210  882323 31     N INDIAN O
 722 4 322 72712 214  875302 38     N INDIAN O
 722 4 422 728 0 216  870293 25     N INDIAN O
 722 4 522 72812 227  836289167     N INDIAN O
 722 4 622 729 0 237  812294121     N INDIAN O
 722 4 722 72912 239  808299 21     N INDIAN O
 722 4 822 730 0 243  805326 24     N INDIAN O
 723 4 123 72712 227  911999-99     N INDIAN O
 723 4 223 728 0 228  906282 24     N INDIAN O
 723 4 323 72812 237  870285172     N INDIAN O
 723 4 423 729 0 238  830272183     N INDIAN O
 723 4 523 72912 239  819276 51     N INDIAN O
 723 4 623 730 0 243  804286 72     N INDIAN O
 723 4 723 73012 245  798290 29     N INDIAN O
 723 4 823 731 0 248  792299 31     N INDIAN O
 723 5 123 7 312 227  861999-99     N INDIAN O
 723 5 223 7 4 0 233  858335 33     N INDIAN O
 723 5 323 7 412 235  856318 13     N INDIAN O
 723 5 423 7 5 0 237  854318 13     N INDIAN O
 723 5 523 7 512 245  836296 92     N INDIAN O
 723 5 623 7 6 0 244  815267 96     N INDIAN O
 723 5 723 7 612 243  798266 78     N INDIAN O
 723 5 823 7 7 0 246  784283 66     N INDIAN O
 723 5 923 7 712 257  772315 78     N INDIAN O
 723 51023 7 8 0 267  760313 73     N INDIAN O
 723 6 123 71812 185  873999-99     N INDIAN O
 723 6 223 719 0 192  870338 38     N INDIAN O
 723 6 323 71912 197  868339 27     N INDIAN O
 723 6 423 720 0 201  864317 28     N INDIAN O
 723 6 523 72012 219  835304163     N INDIAN O
 723 6 623 721 0 228  802286159     N INDIAN O
 725 8 125 7 212 209  895999-99     N INDIAN O
 725 8 225 7 3 0 209  888270 33     N INDIAN O
 725 8 325 7 312 210  880278 38     N INDIAN O
 725 8 425 7 4 0 210  873270 33     N INDIAN O
 725 8 525 7 412 219  859305 79     N INDIAN O
 725 8 625 7 5 0 230  851326 67     N INDIAN O
 725 9 125 72412 228  888999-99     N INDIAN O
 725 9 225 725 0 223  889170 25     N INDIAN O
 725 9 325 72512 218  887200 27     N INDIAN O
 725 9 425 726 0 217  883255 19     N INDIAN O
 725 9 525 72612 218  865273 83     N INDIAN O
 725 9 625 727 0 222  853290 59     N INDIAN O
 725 9 725 72712 227  830283109     N INDIAN O
 725 9 825 728 0 232  805282118     N INDIAN O
 72510 125 71012 203  891999-99     N INDIAN O
 72510 225 711 0 210  881307 58     N INDIAN O
 72510 325 71112 210  860270 98     N INDIAN O
 72510 425 712 0 211  844274 75     N INDIAN O
 72510 525 71212 219  828298 84     N INDIAN O
 72510 625 713 0 228  817312 68     N INDIAN O
 72510 725 71312 239  806317 75     N INDIAN O
 72510 825 714 0 254  790316104     N INDIAN O
 726 2 126 7 412 215  910999-99     N INDIAN O
 726 2 226 7 5 0 222  911  8 35     N INDIAN O
 726 2 326 7 512 226  912 13 21     N INDIAN O
 726 2 426 7 6 0 232  906317 41     N INDIAN O
 726 2 526 7 612 233  885273 97     N INDIAN O
 726 2 626 7 7 0 228  871249 69     N INDIAN O
 726 2 726 7 712 228  825270212     N INDIAN O
 726 2 826 7 8 0 237  780282212     N INDIAN O
 727 6 127 71012 208  885999-99     N INDIAN O
 727 6 227 711 0 220  850290174     N INDIAN O
 727 6 327 71112 218  830264 93     N INDIAN O
 727 6 427 712 0 217  810267 93     N INDIAN O
 727 6 527 71212 223  770279188     N INDIAN O
 727 6 627 713 0 228  737279154     N INDIAN O
 727 7 127 71912 186  880999-99     N INDIAN O
 727 7 227 720 0 191  880360 25     N INDIAN O
 727 7 327 72012 200  879354 45     N INDIAN O
 727 7 427 721 0 210  874335 55     N INDIAN O
 727 7 527 72112 217  866313 51     N INDIAN O
 727 7 627 722 0 223  857306 52     N INDIAN O
 727 8 127 72612 194  891999-99     N INDIAN O
 727 8 227 727 0 201  891360 35     N INDIAN O
 727 8 327 72712 201  891  0  0     N INDIAN O
 727 8 427 728 0 201  891  0  0     N INDIAN O
 727 8 527 72812 215  887345 73     N INDIAN O
 727 8 627 729 0 225  876314 72     N INDIAN O
 727 8 727 72912 226  865276 51     N INDIAN O
 727 8 827 730 0 230  856296 46     N INDIAN O
 727 9 127 72212 207  884999-99     N INDIAN O
 727 9 227 723 0 210  880309 24     N INDIAN O
 727 9 327 72312 218  864298 84     N INDIAN O
 727 9 427 724 0 223  845286 92     N INDIAN O
 727 9 527 72412 227  830286 73     N INDIAN O
 727 9 627 725 0 231  812284 85     N INDIAN O
 727 9 727 72512 239  795297 88     N INDIAN O
 727 9 827 726 0 245  774287100     N INDIAN O
 727 9 927 72612 243  751265105     N INDIAN O
 727 91027 727 0 244  728273105     N INDIAN O
 727 91127 72712 246  725306 17     N INDIAN O
 727 91227 728 0 251  724350 25     N INDIAN O
 727 91327 72812 256  724360 25     N INDIAN O
 727 91427 729 0 262  724360 30     N INDIAN O
 728 4 128 72212 185  884999-99     N INDIAN O
 728 4 228 723 0 190  887 30 29     N INDIAN O
 728 4 328 72312 190  887  0  0     N INDIAN O
 728 4 428 724 0 190  887  0  0     N INDIAN O
 728 4 528 72412 200  888  5 50     N INDIAN O
 728 4 628 725 0 207  880313 52     N INDIAN O
 728 4 728 72512 214  865297 78     N INDIAN O
 728 4 828 726 0 220  849292 80     N INDIAN O
 728 4 928 72612 224  831284 86     N INDIAN O
 728 41028 727 0 230  819299 63     N INDIAN O
 728 41128 72712 237  806300 69     N INDIAN O
 728 41228 728 0 248  792311 84     N INDIAN O
 728 5 128 71612 186  928999-99     N INDIAN O
 728 5 228 717 0 190  920298 43     N INDIAN O
 728 5 328 71712 194  910293 52     N INDIAN O
 728 5 428 718 0 198  901295 47     N INDIAN O
 728 5 528 71812 227  879325178     N INDIAN O
 728 5 628 719 0 223  845263158     N INDIAN O
 728 5 728 71912 224  826273 88     N INDIAN O
 728 5 828 720 0 226  808277 83     N INDIAN O
 729 5 129 71012 193  890999-99     N INDIAN O
 729 5 229 711 0 197  882298 43     N INDIAN O
 729 5 329 71112 210  845291185     N INDIAN O
 729 5 429 712 0 221  806287189     N INDIAN O
 729 5 529 71212 226  760277214     N INDIAN O
 729 5 629 713 0 236  711283231     N INDIAN O
 729 5 729 71312 246  711360 50     N INDIAN O
 729 5 829 714 0 256  717 29 57     N INDIAN O
 729 6 129 72212 219  907999-99     N INDIAN O
 729 6 229 723 0 220  901280 28     N INDIAN O
 729 6 329 72312 222  881276 93     N INDIAN O
 729 6 429 724 0 224  861276 93     N INDIAN O
 729 6 529 72412 230  830282146     N INDIAN O
 729 6 629 725 0 238  803288130     N INDIAN O
 729 6 729 72512 247  785299 93     N INDIAN O
 729 6 829 726 0 253  767290 87     N INDIAN O
 729 6 929 72612 258  740282124     N INDIAN O
 729 61029 727 0 261  710276136     N INDIAN O
 729 61129 72712 262  692274 81     N INDIAN O
 729 61229 728 0 262  676270 72     N INDIAN O
 729 7 129 71412 205  900999-99     N INDIAN O
 729 7 229 715 0 206  893279 33     N INDIAN O
 729 7 329 71512 206  893  0  0     N INDIAN O
 729 7 429 716 0 206  893  0  0     N INDIAN O
 729 7 529 71612 213  887321 45     N INDIAN O
 729 7 629 717 0 217  882311 31     N INDIAN O
 729 7 729 71712 224  858288117     N INDIAN O
 729 7 829 718 0 235  844311 85     N INDIAN O
 729 7 929 71812 242  836314 51     N INDIAN O
 729 71029 719 0 248  829313 44     N INDIAN O
 729 71129 71912 255  818305 61     N INDIAN O
 729 71229 720 0 260  810305 44     N INDIAN O
 729 8 129 72612 226  901999-99     N INDIAN O
 729 8 229 727 0 226  896270 23     N INDIAN O
 729 8 329 72712 226  896  0  0     N INDIAN O
 729 8 429 728 0 226  896  0  0     N INDIAN O
 729 8 529 72812 226  885270 51     N INDIAN O
 729 8 629 729 0 227  871274 65     N INDIAN O
 729 8 729 72912 228  865280 28     N INDIAN O
 729 8 829 730 0 229  856277 42     N INDIAN O
 729 8 929 73012 231  846282 48     N INDIAN O
 729 81029 731 0 233  840290 29     N INDIAN O
 729 81129 73112 236  832292 40     N INDIAN O
 729 81229 8 1 0 241  823301 48     N INDIAN O
 730 6 130 71412 199  918999-99     N INDIAN O
 730 6 230 715 0 204  920 21 27     N INDIAN O
 730 6 330 71512 211  922 15 36     N INDIAN O
 730 6 430 716 0 217  920343 32     N INDIAN O
 730 6 530 71612 222  915317 34     N INDIAN O
 730 6 630 717 0 226  907298 42     N INDIAN O
 730 6 730 71712 228  898284 43     N INDIAN O
 730 6 830 718 0 231  886285 58     N INDIAN O
 730 6 930 71812 233  870278 74     N INDIAN O
 730 61030 719 0 234  856274 64     N INDIAN O
 730 61130 71912 235  840274 73     N INDIAN O
 730 61230 720 0 235  824270 73     N INDIAN O
 730 61330 72012 235  804270 92     N INDIAN O
 730 61430 721 0 240  785286 91     N INDIAN O
 730 61530 72112 245  773295 60     N INDIAN O
 730 61630 722 0 251  760297 66     N INDIAN O
 730 7 130 71612 204  884999-99     N INDIAN O
 730 7 230 717 0 215  880341 58     N INDIAN O
 730 7 330 71712 224  858294112     N INDIAN O
 730 7 430 718 0 235  844311 85     N INDIAN O
 732 5 132 72312 196  883999-99     N INDIAN O
 732 5 232 724 0 197  880290 15     N INDIAN O
 732 5 332 72412 204  866298 74     N INDIAN O
 732 5 432 725 0 219  851317103     N INDIAN O
 732 6 132 71812 193  890999-99     N INDIAN O
 732 6 232 719 0 199  883312 45     N INDIAN O
 732 6 332 71912 204  881339 27     N INDIAN O
 732 6 432 720 0 207  880343 16     N INDIAN O
 732 6 532 72012 212  878340 27     N INDIAN O
 732 6 632 721 0 216  876335 22     N INDIAN O
 732 6 732 72112 223  850286126     N INDIAN O
 732 6 832 722 0 228  823281128     N INDIAN O
 732 6 932 72212 234  815309 48     N INDIAN O
 732 61032 723 0 243  809329 53     N INDIAN O
 732 7 132 7 812 180  868999-99     N INDIAN O
 732 7 232 7 9 0 185  868360 25     N INDIAN O
 732 7 332 7 912 194  868360 45     N INDIAN O
 732 7 432 710 0 202  872 25 44     N INDIAN O
 732 7 532 71012 207  876 37 31     N INDIAN O
 732 7 632 711 0 212  877 11 26     N INDIAN O
 732 7 732 71112 214  877360 10     N INDIAN O
 732 7 832 712 0 216  876335 11     N INDIAN O
 732 7 932 71212 214  854264103     N INDIAN O
 732 71032 713 0 213  834267 93     N INDIAN O
 732 71132 71312 218  822294 61     N INDIAN O
 732 71232 714 0 223  811296 57     N INDIAN O
 732 71332 71412 227  799290 59     N INDIAN O
 732 71432 715 0 233  790306 51     N INDIAN O
 733 4 133 72912 176  880999-99     N INDIAN O
 733 4 233 730 0 175  875258 24     N INDIAN O
 733 4 333 73012 176  867278 38     N INDIAN O
 733 4 433 731 0 181  861311 38     N INDIAN O
 733 4 533 73112 187  859342 32     N INDIAN O
 733 4 633 8 1 0 192  856330 28     N INDIAN O
 733 5 133 72312 204  909999-99     N INDIAN O
 733 5 233 724 0 207  905309 24     N INDIAN O
 733 5 333 72412 209  901298 21     N INDIAN O
 733 5 433 725 0 211  896293 25     N INDIAN O
 733 5 533 72512 211  880270 75     N INDIAN O
 733 5 633 726 0 211  875270 23     N INDIAN O
 733 6 133 71612 216  880999-99     N INDIAN O
 733 6 233 717 0 231  848297166     N INDIAN O
 733 6 333 71712 235  829283 89     N INDIAN O
 733 6 433 718 0 238  810280 88     N INDIAN O
 733 6 533 71812 239  794274 73     N INDIAN O
 733 6 633 719 0 243  788306 34     N INDIAN O
 733 7 133 71412 228  803999-99     N INDIAN O
 733 7 233 715 0 229  796279 33     N INDIAN O
 733 7 333 71512 245  755293204     N INDIAN O
 733 7 433 716 0 246  714272187     N INDIAN O
 733 7 533 71612 238  707219 51     N INDIAN O
 733 7 633 717 0 229  701212 53     N INDIAN O
 734 6 134 73012 156  855999-99     N INDIAN O
 734 6 234 731 0 161  856 11 26     N INDIAN O
 734 6 334 73112 161  856  0  0     N INDIAN O
 734 6 434 8 1 0 161  856  0  0     N INDIAN O
 734 6 534 8 112 183  847339118     N INDIAN O
 734 6 634 8 2 0 197  824303129     N INDIAN O
 735 5 135 71312 144  875999-99     N INDIAN O
 735 5 235 714 0 151  871331 40     N INDIAN O
 735 5 335 71412 157  869342 32     N INDIAN O
 735 5 435 715 0 162  866330 29     N INDIAN O
 735 5 535 71512 172  863344 52     N INDIAN O
 735 5 635 716 0 181  861348 46     N INDIAN O
 735 5 735 71612 184  863 32 18     N INDIAN O
 735 5 835 717 0 188  864 13 21     N INDIAN O
 735 5 935 71712 199  871 31 64     N INDIAN O
 735 51035 718 0 207  879 43 55     N INDIAN O
 735 6 135 7 712 201  901999-99     N INDIAN O
 735 6 235 7 8 0 207  892305 52     N INDIAN O
 735 6 335 7 812 223  871309127     N INDIAN O
 735 6 435 7 9 0 232  855301 87     N INDIAN O
 735 6 535 7 912 237  841291 69     N INDIAN O
 735 6 635 710 0 243  828297 67     N INDIAN O
 735 6 735 71012 246  815284 61     N INDIAN O
 735 6 835 711 0 249  811310 23     N INDIAN O
 736 6 136 7 112 193  878999-99     N INDIAN O
 736 6 236 7 2 0 197  879 13 21     N INDIAN O
 736 6 336 7 212 213  876350 81     N INDIAN O
 736 6 436 7 3 0 227  863319 93     N INDIAN O
 736 7 136 72012 181  876999-99     N INDIAN O
 736 7 236 721 0 183  870289 30     N INDIAN O
 736 7 336 72112 183  870  0  0     N INDIAN O
 736 7 436 722 0 183  870  0  0     N INDIAN O
 736 7 536 72212 187  863301 39     N INDIAN O
 736 7 636 723 0 190  859308 24     N INDIAN O
 736 7 736 72312 199  849314 65     N INDIAN O
 736 7 836 724 0 207  842321 52     N INDIAN O
 736 7 936 72412 215  835321 52     N INDIAN O
 736 71036 725 0 226  827326 67     N INDIAN O
 736 71136 72512 236  821331 58     N INDIAN O
 736 71236 726 0 246  816336 55     N INDIAN O
 736 71336 72612 246  816  0  0     N INDIAN O
 736 71436 727 0 246  816  0  0     N INDIAN O
 736 71536 72712 257  813346 57     N INDIAN O
 736 71636 728 0 268  810346 57     N INDIAN O
 736 8 136 71512 243  724999-99     N INDIAN O
 736 8 236 716 0 243  690270155     N INDIAN O
 736 8 336 71612 243  679270 50     N INDIAN O
 736 8 436 717 0 242  667265 55     N INDIAN O
 737 5 137 71012 191  879999-99     N INDIAN O
 737 5 237 711 0 202  867314 79     N INDIAN O
 737 5 337 71112 213  839293142     N INDIAN O
 737 5 437 712 0 223  814293127     N INDIAN O
 737 5 537 71212 226  804288 48     N INDIAN O
 737 5 637 713 0 230  796299 42     N INDIAN O
 737 6 137 72112 187  891999-99     N INDIAN O
 737 6 237 722 0 191  890347 21     N INDIAN O
 737 6 337 72212 201  887344 52     N INDIAN O
 737 6 437 723 0 207  880312 44     N INDIAN O
 737 6 537 72312 212  868294 62     N INDIAN O
 737 6 637 724 0 217  856294 61     N INDIAN O
 737 6 737 72412 220  845286 53     N INDIAN O
 737 6 837 725 0 224  835293 51     N INDIAN O
 737 6 937 72512 232  812291113     N INDIAN O
 737 61037 726 0 238  798295 71     N INDIAN O
 738 4 138 7 912 237  887999-99     N INDIAN O
 738 4 238 710 0 240  884318 20     N INDIAN O
 738 4 338 71012 243  879303 28     N INDIAN O
 738 4 438 711 0 245  873290 29     N INDIAN O
 738 4 538 71112 249  862292 54     N INDIAN O
 738 4 638 712 0 252  852288 48     N INDIAN O
 739 5 139 71912 202  890999-99     N INDIAN O
 739 5 239 720 0 206  890360 20     N INDIAN O
 739 5 339 72012 206  890  0  0     N INDIAN O
 739 5 439 721 0 206  890  0  0     N INDIAN O
 739 5 539 72112 216  889355 50     N INDIAN O
 739 5 639 722 0 226  881324 63     N INDIAN O
 739 6 139 71312 232  881999-99     N INDIAN O
 739 6 239 714 0 232  875270 28     N INDIAN O
 739 6 339 71412 233  865276 46     N INDIAN O
 739 6 439 715 0 235  847277 83     N INDIAN O
 739 6 539 71512 236  838277 42     N INDIAN O
 739 6 639 716 0 240  824287 68     N INDIAN O
 739 7 139 72812 245  907999-99     N INDIAN O
 739 7 239 729 0 240  907180 25     N INDIAN O
 739 7 339 72912 235  904209 28     N INDIAN O
 739 7 439 730 0 231  898234 34     N INDIAN O
 739 7 539 73012 231  898  0  0     N INDIAN O
 739 7 639 731 0 231  898  0  0     N INDIAN O
 739 7 739 73112 231  894270 18     N INDIAN O
 739 7 839 8 1 0 231  890270 18     N INDIAN O
 739 7 939 8 112 234  892 32 18     N INDIAN O
 739 71039 8 2 0 238  911 77 89     N INDIAN O
 739 71139 8 212 236  898261 60     N INDIAN O
 739 71239 8 3 0 234  885261 61     N INDIAN O
 739 71339 8 312 235  870274 69     N INDIAN O
 739 71439 8 4 0 238  858285 57     N INDIAN O
 739 71539 8 412 239  843274 69     N INDIAN O
 739 71639 8 5 0 240  830275 60     N INDIAN O
 740 4 140 7 712 210  898999-99     N INDIAN O
 740 4 240 7 8 0 222  880306103     N INDIAN O
 740 4 340 7 812 221  857267107     N INDIAN O
 740 4 440 7 9 0 220  830268125     N INDIAN O
 741 8 141 72712 202  918999-99     N INDIAN O
 741 8 241 728 0 207  917349 25     N INDIAN O
 741 8 341 72812 219  911335 66     N INDIAN O
 741 8 441 729 0 231  903328 71     N INDIAN O
 741 9 141 7 512 214  884999-99     N INDIAN O
 741 9 241 7 6 0 216  883335 11     N INDIAN O
 741 9 341 7 612 221  884 11 26     N INDIAN O
 741 9 441 7 7 0 222  890 80 28     N INDIAN O
 741 9 541 7 712 208  897155 78     N INDIAN O
 741 9 641 7 8 0 210  879277 85     N INDIAN O
 741 9 741 7 812 210  879  0  0     N INDIAN O
 741 9 841 7 9 0 210  879  0  0     N INDIAN O
 741 9 941 7 912 210  879  0  0     N INDIAN O
 741 91041 710 0 210  879  0  0     N INDIAN O
 741 91141 71012 225  855304134     N INDIAN O
 741 91241 711 0 223  821266158     N INDIAN O
 741 91341 71112 226  801279 93     N INDIAN O
 741 91441 712 0 229  778278108     N INDIAN O
 742 4 142 72312 211  896999-99     N INDIAN O
 742 4 242 724 0 214  894328 18     N INDIAN O
 742 4 342 72412 218  888306 34     N INDIAN O
 742 4 442 725 0 223  882312 38     N INDIAN O
 742 4 542 72512 228  864287 87     N INDIAN O
 742 4 642 726 0 230  845277 88     N INDIAN O
 742 4 742 72612 236  825288 97     N INDIAN O
 742 4 842 727 0 246  803297113     N INDIAN O
 742 5 142 7 112 206  897999-99     N INDIAN O
 742 5 242 7 2 0 210  895335 22     N INDIAN O
 742 5 342 7 212 219  867289138     N INDIAN O
 742 5 442 7 3 0 225  840284128     N INDIAN O
 742 5 542 7 312 228  828285 58     N INDIAN O
 742 5 642 7 4 0 231  814283 66     N INDIAN O
 742 5 742 7 412 236  804299 53     N INDIAN O
 742 5 842 7 5 0 239  797295 35     N INDIAN O
 742 6 142 7 712 204  905999-99     N INDIAN O
 742 6 242 7 8 0 207  901309 24     N INDIAN O
 742 6 342 7 812 213  891303 56     N INDIAN O
 742 6 442 7 9 0 217  884302 38     N INDIAN O
 742 6 542 7 912 219  879293 25     N INDIAN O
 742 6 642 710 0 221  871285 38     N INDIAN O
 742 6 742 71012 221  855270 74     N INDIAN O
 742 6 842 711 0 222  840274 70     N INDIAN O
 742 6 942 71112 226  825286 73     N INDIAN O
 742 61042 712 0 231  814296 57     N INDIAN O
 742 61142 71212 240  801307 75     N INDIAN O
 742 61242 713 0 249  789310 71     N INDIAN O
 743 3 143 73012 196  905999-99     N INDIAN O
 743 3 243 731 0 199  900303 28     N INDIAN O
 743 3 343 73112 208  889311 68     N INDIAN O
 743 3 443 8 1 0 217  879314 65     N INDIAN O
 743 3 543 8 112 225  866304 73     N INDIAN O
 743 3 643 8 2 0 231  860317 41     N INDIAN O
 743 4 143 71012 195  885999-99     N INDIAN O
 743 4 243 711 0 212  868317117     N INDIAN O
 743 4 343 71112 221  842290129     N INDIAN O
 743 4 443 712 0 231  812290148     N INDIAN O
 743 4 543 71212 235  805302 38     N INDIAN O
 743 4 643 713 0 241  803343 32     N INDIAN O
 743 5 143 71612 208  897999-99     N INDIAN O
 743 5 243 717 0 212  894325 24     N INDIAN O
 743 5 343 71712 214  892317 13     N INDIAN O
 743 5 443 718 0 219  889331 28     N INDIAN O
 743 5 543 71812 231  870304107     N INDIAN O
 743 5 643 719 0 237  848287105     N INDIAN O
 743 5 743 71912 238  825273105     N INDIAN O
 743 5 843 720 0 237  808266 78     N INDIAN O
 743 6 143 72312 194  905999-99     N INDIAN O
 743 6 243 724 0 195  897278 38     N INDIAN O
 743 6 343 72412 196  888277 43     N INDIAN O
 743 6 443 725 0 198  880285 39     N INDIAN O
 743 6 543 72512 203  866291 70     N INDIAN O
 743 6 643 726 0 211  849297 89     N INDIAN O
 743 6 743 72612 218  829291 99     N INDIAN O
 743 6 843 727 0 227  813301 87     N INDIAN O
 743 6 943 72712 241  799318 95     N INDIAN O
 743 61043 728 0 257  780313118     N INDIAN O
 743 61143 72812 259  775294 25     N INDIAN O
 743 61243 729 0 261  768288 33     N INDIAN O
 743 61343 72912 266  753290 72     N INDIAN O
 743 61443 730 0 269  740285 60     N INDIAN O
 744 5 144 7 812 185  879999-99     N INDIAN O
 744 5 244 7 9 0 187  873289 30     N INDIAN O
 744 5 344 7 912 188  867280 29     N INDIAN O
 744 5 444 710 0 191  863308 24     N INDIAN O
 744 5 544 71012 191  863  0  0     N INDIAN O
 744 5 644 711 0 191  863  0  0     N INDIAN O
 744 5 744 71112 199  852308 66     N INDIAN O
 744 5 844 712 0 210  840314 78     N INDIAN O
 744 5 944 71212 216  834317 41     N INDIAN O
 744 51044 713 0 223  827317 48     N INDIAN O
 744 51144 71312 226  819292 40     N INDIAN O
 744 51244 714 0 227  814282 23     N INDIAN O
 744 51344 71412 232  801293 65     N INDIAN O
 744 51444 715 0 236  794302 38     N INDIAN O
 744 51544 71512 238  789294 25     N INDIAN O
 744 51644 716 0 241  784303 28     N INDIAN O
 744 6 144 72212 212  909999-99     N INDIAN O
 744 6 244 723 0 209  910163 16     N INDIAN O
 744 6 344 72312 199  912169 51     N INDIAN O
 744 6 444 724 0 195  897254 73     N INDIAN O
 744 6 544 72412 205  880302 94     N INDIAN O
 744 6 644 725 0 218  863309103     N INDIAN O
 744 6 744 72512 227  840293116     N INDIAN O
 744 6 844 726 0 232  813281127     N INDIAN O
 744 6 944 72612 236  760275244     N INDIAN O
 744 61044 727 0 245  712282223     N INDIAN O
 744 7 144 72712 199  899999-99     N INDIAN O
 744 7 244 728 0 200  895285 19     N INDIAN O
 744 7 344 72812 200  895  0  0     N INDIAN O
 744 7 444 729 0 200  895  0  0     N INDIAN O
 744 7 544 72912 203  885288 49     N INDIAN O
 744 7 644 730 0 204  880282 24     N INDIAN O
 744 7 744 73012 206  865278 71     N INDIAN O
 744 7 844 731 0 211  849289 79     N INDIAN O
 744 7 944 73112 219  820287141     N INDIAN O
 744 71044 8 1 0 227  797291113     N INDIAN O
 744 71144 8 112 236  755283198     N INDIAN O
 744 71244 8 2 0 255  733314138     N INDIAN O
 744 71344 8 212 265  700289157     N INDIAN O
 744 71444 8 3 0 273  665284161     N INDIAN O
 744 8 144 71812 221  876999-99     N INDIAN O
 744 8 244 719 0 223  872298 21     N INDIAN O
 744 8 344 71912 239  853313118     N INDIAN O
 744 8 444 720 0 245  838294 75     N INDIAN O
 744 8 544 72012 251  831313 43     N INDIAN O
 744 8 644 721 0 256  824308 40     N INDIAN O
 745 3 145 72012 173  881999-99     N INDIAN O
 745 3 245 721 0 178  881360 25     N INDIAN O
 745 3 345 72112 191  880356 65     N INDIAN O
 745 3 445 722 0 206  876346 78     N INDIAN O
 745 4 145 7 612 194  892999-99     N INDIAN O
 745 4 245 7 7 0 199  889331 29     N INDIAN O
 745 4 345 7 712 205  884322 38     N INDIAN O
 745 4 445 7 8 0 211  879322 38     N INDIAN O
 745 4 545 7 812 212  873280 28     N INDIAN O
 745 4 645 7 9 0 213  868282 24     N INDIAN O
 746 2 146 71312 229  881999-99     N INDIAN O
 746 2 246 714 0 233  879335 22     N INDIAN O
 746 2 346 71412 239  868301 58     N INDIAN O
 746 2 446 715 0 240  858276 46     N INDIAN O
 746 3 146 7 112 200  915999-99     N INDIAN O
 746 3 246 7 2 0 201  909280 29     N INDIAN O
 746 3 346 7 212 204  895283 68     N INDIAN O
 746 3 446 7 3 0 205  886277 43     N INDIAN O
 746 3 546 7 312 214  862292121     N INDIAN O
 746 3 646 7 4 0 223  841295108     N INDIAN O
 746 4 146 71912 167  869999-99     N INDIAN O
 746 4 246 720 0 172  870 11 25     N INDIAN O
 746 4 346 72012 179  870360 35     N INDIAN O
 746 4 446 721 0 185  870360 30     N INDIAN O
 746 4 546 72112 188  872 32 18     N INDIAN O
 746 4 646 722 0 191  873 18 16     N INDIAN O
 746 4 746 72212 200  875 12 46     N INDIAN O
 746 4 846 723 0 209  871337 48     N INDIAN O
 746 4 946 72312 215  864313 44     N INDIAN O
 746 41046 724 0 219  858306 34     N INDIAN O
 747 6 147 7 912 189  907999-99     N INDIAN O
 747 6 247 710 0 189  901270 28     N INDIAN O
 747 6 347 71012 189  889270 57     N INDIAN O
 747 6 447 711 0 188  881263 38     N INDIAN O
 747 6 547 71112 186  866262 72     N INDIAN O
 747 6 647 712 0 187  847273 90     N INDIAN O
 747 7 147 71412 195  901999-99     N INDIAN O
 747 7 247 715 0 196  896282 24     N INDIAN O
 747 7 347 71512 202  881293 77     N INDIAN O
 747 7 447 716 0 209  871307 58     N INDIAN O
 747 7 547 71612 219  862320 65     N INDIAN O
 747 7 647 717 0 230  856333 62     N INDIAN O
 748 7 148 7 512 201  885999-99     N INDIAN O
 748 7 248 7 6 0 202  880282 24     N INDIAN O
 748 7 348 7 612 202  880  0  0     N INDIAN O
 748 7 448 7 7 0 202  880  0  0     N INDIAN O
 748 7 548 7 712 212  850290149     N INDIAN O
 748 7 648 7 8 0 224  823296139     N INDIAN O
 748 8 148 72612 196  904999-99     N INDIAN O
 748 8 248 727 0 199  902328 18     N INDIAN O
 748 8 348 72712 214  891326 91     N INDIAN O
 748 8 448 728 0 228  875313102     N INDIAN O
 748 8 548 72812 237  844288149     N INDIAN O
 748 8 648 729 0 243  805280181     N INDIAN O
 749 6 149 71212 188  858999-99     N INDIAN O
 749 6 249 713 0 190  863 67 26     N INDIAN O
 749 6 349 71312 198  874 52 66     N INDIAN O
 749 6 449 714 0 209  871346 57     N INDIAN O
 749 6 549 71412 210  861276 47     N INDIAN O
 749 6 649 715 0 212  848279 62     N INDIAN O
 750 5 150 71012 252  793999-99     N INDIAN O
 750 5 250 711 0 252  787270 27     N INDIAN O
 750 5 350 71112 253  764273104     N INDIAN O
 750 5 450 712 0 255  743276 95     N INDIAN O
 750 5 550 71212 257  728278 68     N INDIAN O
 750 5 650 713 0 258  713274 68     N INDIAN O
 750 5 750 71312 257  704263 41     N INDIAN O
 750 5 850 714 0 257  696270 36     N INDIAN O
 750 6 150 71012 195  880999-99     N INDIAN O
 750 6 250 711 0 199  876317 28     N INDIAN O
 750 6 350 71112 210  865317 75     N INDIAN O
 750 6 450 712 0 220  859331 58     N INDIAN O
 750 7 150 72412 213  897999-99     N INDIAN O
 750 7 250 725 0 214  888277 42     N INDIAN O
 750 7 350 72512 215  883282 24     N INDIAN O
 750 7 450 726 0 216  879285 19     N INDIAN O
 750 7 550 72612 220  861284 86     N INDIAN O
 750 7 650 727 0 227  838288112     N INDIAN O
 750 7 750 72712 232  815283109     N INDIAN O
 750 7 850 728 0 237  793284104     N INDIAN O
 750 7 950 72812 240  778282 70     N INDIAN O
 750 71050 729 0 245  763290 73     N INDIAN O
 751 6 151 72312 167  894999-99     N INDIAN O
 751 6 251 724 0 170  891316 21     N INDIAN O
 751 6 351 72412 181  881319 73     N INDIAN O
 751 6 451 725 0 190  870311 69     N INDIAN O
 751 6 551 72512 207  844305149     N INDIAN O
 751 6 651 726 0 222  816300150     N INDIAN O
 751 6 751 72612 234  780290177     N INDIAN O
 751 6 851 727 0 247  751296148     N INDIAN O
 751 6 951 72712 265  741333101     N INDIAN O
 751 61051 728 0 280  739353 76     N INDIAN O
 751 7 151 72912 195  872999-99     N INDIAN O
 751 7 251 730 0 200  870339 27     N INDIAN O
 751 7 351 73012 207  868345 36     N INDIAN O
 751 7 451 731 0 214  863326 42     N INDIAN O
 752 4 152 71912 205  888999-99     N INDIAN O
 752 4 252 720 0 205  884270 19     N INDIAN O
 752 4 352 72012 207  879293 26     N INDIAN O
 752 4 452 721 0 211  877335 22     N INDIAN O
 752 4 552 72112 217  861292 80     N INDIAN O
 752 4 652 722 0 220  848284 63     N INDIAN O
 752 5 152 73012 212  907999-99     N INDIAN O
 752 5 252 731 0 214  903298 21     N INDIAN O
 752 5 352 73112 217  892286 53     N INDIAN O
 752 5 452 8 1 0 218  885279 33     N INDIAN O
 752 5 552 8 112 218  881270 18     N INDIAN O
 752 5 652 8 2 0 218  876270 23     N INDIAN O
 752 5 752 8 212 217  860266 74     N INDIAN O
 752 5 852 8 3 0 218  843274 79     N INDIAN O
 752 5 952 8 312 226  808284167     N INDIAN O
 752 51052 8 4 0 240  780299147     N INDIAN O
 752 6 152 72612 220  868999-99     N INDIAN O
 752 6 252 727 0 222  863293 25     N INDIAN O
 752 6 352 72712 227  849291 69     N INDIAN O
 752 6 452 728 0 233  835295 71     N INDIAN O
 752 6 552 72812 236  822284 62     N INDIAN O
 752 6 652 729 0 238  811281 52     N INDIAN O
 752 6 752 72912 239  796274 69     N INDIAN O
 752 6 852 730 0 242  784285 57     N INDIAN O
 752 6 952 73012 245  779303 28     N INDIAN O
 752 61052 731 0 247  776306 17     N INDIAN O
 752 7 152 7 312 202  884999-99     N INDIAN O
 752 7 252 7 4 0 214  885  5 60     N INDIAN O
 752 7 352 7 412 228  865307116     N INDIAN O
 752 7 452 7 5 0 237  843294111     N INDIAN O
 752 7 552 7 512 245  820291113     N INDIAN O
 752 7 652 7 6 0 250  797284108     N INDIAN O
 752 7 752 7 612 251  785275 55     N INDIAN O
 752 7 852 7 7 0 252  775276 46     N INDIAN O
 754 5 154 7 612 210  718999-99     N INDIAN O
 754 5 254 7 7 0 214  715325 24     N INDIAN O
 754 5 354 7 712 226  701313 88     N INDIAN O
 754 5 454 7 8 0 231  681285 96     N INDIAN O
 756 7 156 63012 185  875999-99     N INDIAN O
 756 7 256 7 1 0 189  877 25 22     N INDIAN O
 756 7 356 7 112 197  875347 41     N INDIAN O
 756 7 456 7 2 0 204  870326 43     N INDIAN O
 756 7 556 7 212 207  863295 36     N INDIAN O
 756 7 656 7 3 0 209  855285 38     N INDIAN O
 756 7 756 7 312 209  844270 52     N INDIAN O
 756 7 856 7 4 0 208  833264 52     N INDIAN O
 758 3 158 71512 212  880999-99     N INDIAN O
 758 3 258 716 0 215  876309 24     N INDIAN O
 758 3 358 71612 219  869302 38     N INDIAN O
 758 3 458 717 0 223  863306 34     N INDIAN O
 758 4 158 7 812 197  883999-99     N INDIAN O
 758 4 258 7 9 0 201  881335 22     N INDIAN O
 758 4 358 7 912 214  866313 96     N INDIAN O
 758 4 458 710 0 225  850307 93     N INDIAN O
 758 4 558 71012 234  822289137     N INDIAN O
 758 4 658 711 0 241  786282168     N INDIAN O
 759 5 159 7 312 195  887999-99     N INDIAN O
 759 5 259 7 4 0 194  876265 52     N INDIAN O
 759 5 359 7 412 199  851282120     N INDIAN O
 759 5 459 7 5 0 219  819304180     N INDIAN O
 759 6 159 71612 159  876999-99     N INDIAN O
 759 6 259 717 0 175  876360 80     N INDIAN O
 759 6 359 71712 181  876360 30     N INDIAN O
 759 6 459 718 0 189  876360 40     N INDIAN O
 759 6 559 71812 199  876360 50     N INDIAN O
 759 6 659 719 0 207  875353 40     N INDIAN O
 759 7 159 7 112 224  689999-99     N INDIAN O
 759 7 259 7 2 0 230  685328 35     N INDIAN O
 759 7 359 7 212 237  680327 42     N INDIAN O
 759 7 459 7 3 0 244  675327 42     N INDIAN O
 759 8 159 7 912 209  902999-99     N INDIAN O
 759 8 259 710 0 216  901352 35     N INDIAN O
 759 8 359 71012 231  888321 96     N INDIAN O
 759 8 459 711 0 238  866289107     N INDIAN O
 759 8 559 71112 239  831272160     N INDIAN O
 759 8 659 712 0 239  801270138     N INDIAN O
 759 8 759 71212 239  787270 64     N INDIAN O
 759 8 859 713 0 239  772270 68     N INDIAN O
 759 8 959 71312 239  745270123     N INDIAN O
 759 81059 714 0 239  720270114     N INDIAN O
 759 81159 71412 238  691268133     N INDIAN O
 759 81259 715 0 235  670261 98     N INDIAN O
 759 81359 71512 232  659254 53     N INDIAN O
 759 81459 716 0 228  650244 46     N INDIAN O
 759 81559 71612 226  642255 38     N INDIAN O
 759 81659 717 0 224  634255 38     N INDIAN O
 759 81759 71712 225  622275 56     N INDIAN O
 759 81859 718 0 229  610290 59     N INDIAN O
 760 4 160 7 212 207  702999-99     N INDIAN O
 760 4 260 7 3 0 207  697270 23     N INDIAN O
 760 4 360 7 312 209  689285 38     N INDIAN O
 760 4 460 7 4 0 213  685317 28     N INDIAN O
 761 9 161 7 1 0 215  880999-99     N INDIAN O
 761 9 261 7 112 216  878298 11     N INDIAN O
 761 9 361 7 2 0 216  875270 14     N INDIAN O
 761 9 461 7 212 218  864281 52     N INDIAN O
 761 9 561 7 3 0 219  854276 47     N INDIAN O
 76110 161 7 112 215  702999-99     N INDIAN O
 76110 261 7 2 0 213  705126 17     N INDIAN O
 76110 361 7 212 208  716116 58     N INDIAN O
 76110 461 7 3 0 211  722 62 32     N INDIAN O
 76110 561 7 312 215  722360 20     N INDIAN O
 76110 661 7 4 0 219  719325 24     N INDIAN O
 76110 761 7 412 229  711324 63     N INDIAN O
 76110 861 7 5 0 234  704308 41     N INDIAN O
 76110 961 7 512 239  698312 38     N INDIAN O
 76111 161 71812 239  693999-99     N INDIAN O
 76111 261 719 0 241  691318 14     N INDIAN O
 76111 361 71912 244  683292 39     N INDIAN O
 762 5 162 7 8 0 222  693999-99     N INDIAN O
 762 5 262 7 812 222  693  0  0     N INDIAN O
 762 5 362 7 9 0 222  693  0  0     N INDIAN O
 762 5 462 7 912 222  693  0  0     N INDIAN O
 762 5 562 710 0 222  693  0  0     N INDIAN O
 762 5 662 71012 222  693  0  0     N INDIAN O
 762 5 762 711 0 222  693  0  0     N INDIAN O
 762 5 862 71112 222  693  0  0     N INDIAN O
 762 5 962 712 0 222  693  0  0     N INDIAN O
 762 51062 71212 222  693  0  0     N INDIAN O
 762 51162 713 0 222  693  0  0     N INDIAN O
 762 51262 71312 226  686302 38     N INDIAN O
 762 51362 714 0 230  680306 34     N INDIAN O
 762 51462 71412 235  660285 95     N INDIAN O
 762 51562 715 0 240  640285 95     N INDIAN O
 762 6 162 71012 174  866999-99     N INDIAN O
 762 6 262 711 0 176  864316 14     N INDIAN O
 762 6 362 71112 185  851306 77     N INDIAN O
 762 6 462 712 0 194  838306 76     N INDIAN O
 762 6 562 71212 210  813304142     N INDIAN O
 762 6 662 713 0 225  780296171     N INDIAN O
 763 6 163 7 312 216  890999-99     N INDIAN O
 763 6 263 7 4 0 218  886298 21     N INDIAN O
 763 6 363 7 412 223  878304 45     N INDIAN O
 763 6 463 7 5 0 225  873293 25     N INDIAN O
 763 6 563 7 512 230  854286 91     N INDIAN O
 763 6 663 7 6 0 233  837281 79     N INDIAN O
 763 6 763 7 612 243  816298108     N INDIAN O
 764 3 164 7 212 205  899999-99     N INDIAN O
 764 3 264 7 3 0 210  896331 29     N INDIAN O
 764 3 364 7 312 212  892298 21     N INDIAN O
 764 3 464 7 4 0 214  889306 18     N INDIAN O
 764 3 564 7 412 222  867291110     N INDIAN O
 764 3 664 7 5 0 233  844297119     N INDIAN O
 764 3 764 7 512 243  824299104     N INDIAN O
 764 3 864 7 6 0 245  817287 33     N INDIAN O
 764 3 964 7 612 258  789297143     N INDIAN O
 764 31064 7 7 0 268  773305 88     N INDIAN O
 765 3 165 72512 210  897999-99     N INDIAN O
 765 3 265 726 0 209  894250 15     N INDIAN O
 765 3 365 72612 211  888290 30     N INDIAN O
 765 3 465 727 0 213  880285 38     N INDIAN O
 765 3 565 72712 217  871296 47     N INDIAN O
 765 3 665 728 0 224  864317 48     N INDIAN O
 765 3 765 72812 233  857324 55     N INDIAN O
 765 4 165 71212 190  874999-99     N INDIAN O
 765 4 265 713 0 191  869282 24     N INDIAN O
 765 4 365 71312 192  862279 33     N INDIAN O
 765 4 465 714 0 193  853277 43     N INDIAN O
 765 4 565 71412 194  829273113     N INDIAN O
 765 4 665 715 0 195  804272118     N INDIAN O
 765 4 765 71512 225  753302282     N INDIAN O
 766 6 166 71612 200  883999-99     N INDIAN O
 766 6 266 717 0 200  880270 14     N INDIAN O
 766 6 366 71712 200  870270 47     N INDIAN O
 766 6 466 718 0 204  860293 51     N INDIAN O
 766 7 166 72712 205  886999-99     N INDIAN O
 766 7 266 728 0 209  880306 35     N INDIAN O
 766 7 366 72812 212  877317 21     N INDIAN O
 766 7 466 729 0 214  874306 18     N INDIAN O
 766 7 566 72912 223  854296103     N INDIAN O
 766 7 666 730 0 230  834291 98     N INDIAN O
 766 7 766 73012 239  808291128     N INDIAN O
 766 7 866 731 0 244  800304 44     N INDIAN O
 767 4 167 72512 204  885999-99     N INDIAN O
 767 4 267 726 0 205  880282 24     N INDIAN O
 767 4 367 72612 206  871277 43     N INDIAN O
 767 4 467 727 0 211  857291 70     N INDIAN O
 767 4 567 72712 216  823279160     N INDIAN O
 767 4 667 728 0 218  789274158     N INDIAN O
 767 4 767 72812 227  772300 91     N INDIAN O
 767 4 867 729 0 238  754304 99     N INDIAN O
 767 4 967 72912 254  720297174     N INDIAN O
 767 5 167 73012 188  903999-99     N INDIAN O
 767 5 267 731 0 191  900317 21     N INDIAN O
 767 5 367 73112 197  884292 81     N INDIAN O
 767 5 467 8 1 0 200  880309 24     N INDIAN O
 767 5 567 8 112 203  866283 68     N INDIAN O
 767 5 667 8 2 0 204  854275 57     N INDIAN O
 767 5 767 8 212 207  832278104     N INDIAN O
 768 3 168 7 812 228  879999-99     N INDIAN O
 768 3 268 7 9 0 230  881 43 14     N INDIAN O
 768 3 368 7 912 238  884 19 43     N INDIAN O
 768 3 468 710 0 245  889 33 42     N INDIAN O
 768 3 568 71012 247  895 70 29     N INDIAN O
 768 3 668 711 0 248  901 80 28     N INDIAN O
 768 3 768 71112 250  908 73 33     N INDIAN O
 768 4 168 72512 177  886999-99     N INDIAN O
 768 4 268 726 0 181  884335 22     N INDIAN O
 768 4 368 72612 192  881346 57     N INDIAN O
 768 4 468 727 0 195  881360 15     N INDIAN O
 768 4 568 72712 198  880343 16     N INDIAN O
 768 4 668 728 0 201  880360 15     N INDIAN O
 768 4 768 72812 209  861294 98     N INDIAN O
 768 4 868 729 0 217  840292106     N INDIAN O
 768 4 968 72912 232  807296170     N INDIAN O
 768 41068 730 0 234  800287 33     N INDIAN O
 768 41168 73012 236  786279 65     N INDIAN O
 768 41268 731 0 241  771290 73     N INDIAN O
 768 41368 73112 253  753306102     N INDIAN O
 768 41468 8 1 0 256  753360 15     N INDIAN O
 768 41568 8 112 263  760 42 47     N INDIAN O
 769 4 169 72712 186  897999-99     N INDIAN O
 769 4 269 728 0 190  894325 24     N INDIAN O
 769 4 369 72812 195  889317 34     N INDIAN O
 769 4 469 729 0 200  884317 34     N INDIAN O
 769 4 569 72912 207  877317 48     N INDIAN O
 769 4 669 730 0 213  871317 41     N INDIAN O
 769 4 769 73012 218  856290 74     N INDIAN O
 769 4 869 731 0 225  844302 66     N INDIAN O
 769 4 969 73112 233  833308 64     N INDIAN O
 769 41069 8 1 0 235  824284 43     N INDIAN O
 769 41169 8 112 246  812315 78     N INDIAN O
 770 6 170 7 6 0 183  915999-99     N INDIAN O
 770 6 270 7 612 186  907292 41     N INDIAN O
 770 6 370 7 7 0 194  894303 73     N INDIAN O
 770 6 470 7 712 205  879308 89     N INDIAN O
 770 6 570 7 8 0 214  873328 53     N INDIAN O
 770 6 670 7 812 223  853296103     N INDIAN O
 771 5 171 715 0 200  891999-99     N INDIAN O
 771 5 271 71512 218  882335 99     N INDIAN O
 771 5 371 716 0 231  876337 71     N INDIAN O
 771 5 471 71612 242  865318 75     N INDIAN O
 771 5 571 717 0 246  853290 58     N INDIAN O
 771 5 671 71712 247  846279 33     N INDIAN O
 771 5 771 718 0 248  839279 33     N INDIAN O
 771 5 871 71812 249  834282 23     N INDIAN O
 771 5 971 719 0 250  831290 14     N INDIAN O
 771 51071 71912 250  831  0  0     N INDIAN O
 771 51171 720 0 251  818275 59     N INDIAN O
 771 51271 72012 251  806270 54     N INDIAN O
 771 51371 721 0 252  801283 23     N INDIAN O
 771 51471 72112 252  796270 23     N INDIAN O
 771 51571 722 0 252  796  0  0     N INDIAN O
 771 6 171 726 0 220  886999-99     N INDIAN O
 771 6 271 72612 231  866301108     N INDIAN O
 771 6 371 727 0 236  853293 65     N INDIAN O
 771 6 471 72712 239  839283 66     N INDIAN O
 771 6 571 728 0 241  824278 69     N INDIAN O
 771 6 671 72812 244  788275165     N INDIAN O
 771 6 771 729 0 245  772274 73     N INDIAN O
 771 6 871 72912 248  757282 70     N INDIAN O
 772 3 172 7 1 0 220  665999-99     N INDIAN O
 772 3 272 7 112 220  635270139     N INDIAN O
 772 3 372 7 2 0 219  597268177     N INDIAN O
 772 4 172 7 5 0 216  875999-99     N INDIAN O
 772 4 272 7 512 218  847274131     N INDIAN O
 772 4 372 7 6 0 219  841280 28     N INDIAN O
 772 4 472 7 612 225  821288 98     N INDIAN O
 772 5 172 713 0 206  914999-99     N INDIAN O
 772 5 272 71312 212  905306 52     N INDIAN O
 772 5 372 714 0 214  884276 98     N INDIAN O
 772 5 472 71412 217  867281 81     N INDIAN O
 772 5 572 715 0 223  864335 33     N INDIAN O
 773 3 173 7 6 0 193  865999-99     N INDIAN S
 773 3 273 7 612 199  861328 35     N INDIAN S
 773 3 373 7 7 0 206  856326 42     N INDIAN S
 773 3 473 7 712 210  844290 60     N INDIAN S
 773 3 573 7 8 0 215  822284105     N INDIAN S
 773 3 673 7 812 224  803297 99     N INDIAN S
 773 3 773 7 9 0 229  799324 31     N INDIAN S
 773 4 173 7 7 0 205  706999-99     N INDIAN S
 773 4 273 7 712 211  699313 44     N INDIAN S
 773 4 373 7 8 0 220  694333 51     N INDIAN S
 773 4 473 7 812 223  693343 16     N INDIAN S
 773 5 173 712 0 199  885999-99     N INDIAN S
 773 5 273 71212 207  874308 65     N INDIAN S
 773 5 373 713 0 209  870298 21     N INDIAN S
 773 5 473 71312 215  854292 80     N INDIAN S
 773 5 573 714 0 222  827286130     N INDIAN S
 773 5 673 71412 233  808302103     N INDIAN S
 773 6 173 719 0 209  882999-99     N INDIAN S
 773 6 273 71912 218  879343 47     N INDIAN S
 773 6 373 720 0 223  872308 41     N INDIAN S
 773 6 473 72012 221  859261 61     N INDIAN S
 773 6 573 721 0 227  830283137     N INDIAN S
 773 6 673 72112 240  807302124     N INDIAN S
 773 6 773 722 0 247  793299 73     N INDIAN S
 773 6 873 72212 252  785305 44     N INDIAN S
 775 9 175 718 0 241  857999-99     N INDIAN S
 775 9 275 71812 242  843275 64     N INDIAN S
 775 9 375 719 0 247  826288 81     N INDIAN S
 775 9 475 71912 260  807307108     N INDIAN S
 775 9 575 720 0 266  785287103     N INDIAN S
 775 9 675 72012 266  785360  0     N INDIAN S
 775 9 775 721 0 268  779291 29     N INDIAN S
 775 9 875 72112 272  769294 49     N INDIAN S
 775 9 975 722 0 286  757323 88     N INDIAN S
 775 91075 72212 305  753350 97     N INDIAN S
 775 91175 723 0 316  748339 59     N INDIAN S
 776 3 176 728 0 229  892999-99     N INDIAN S
 776 3 276 72812 233  872282 94     N INDIAN S
 776 3 376 729 0 237  854284 85     N INDIAN S
 776 3 476 72912 243  837291 83     N INDIAN S
 776 3 576 730 0 255  805293157     N INDIAN S
 776 3 676 73012 256  770272158     N INDIAN S
 776 3 776 731 0 266  753303 91     N INDIAN S
 776 3 876 73112 283  738322108     N INDIAN S
 776 3 976 8 1 0 298  730335 83     N INDIAN S
 776 31076 8 112 307  725334 50     N INDIAN S
