 5 2 1 1 2 5 412 131  952999-99     N INDIAN O
 5 2 1 2 2 5 5 0 139  953  7 40     N INDIAN O
 5 2 1 3 2 5 512 151  955  9 61     N INDIAN O
 5 2 1 4 2 5 6 0 161  956  6 50     N INDIAN O
 5 2 2 1 2 5 612 110  550999-99     N INDIAN O
 5 2 2 2 2 5 7 0 117  553 23 38     N INDIAN O
 5 2 2 3 2 5 712 124  557 29 40     N INDIAN O
 5 2 2 4 2 5 8 0 129  560 30 29     N INDIAN O
 5 2 2 5 2 5 812 133  562 26 23     N INDIAN O
 5 2 2 6 2 5 9 0 137  563 14 21     N INDIAN O
 5 2 2 7 2 5 912 145  569 36 49     N INDIAN O
 5 2 2 8 2 510 0 152  577 48 53     N INDIAN O
 5 2 2 9 2 51012 167  589 38 95     N INDIAN O
 5 2 210 2 511 0 177  602 51 80     N INDIAN O
 5 2 211 2 51112 187  612 44 69     N INDIAN O
 5 2 212 2 512 0 196  622 46 65     N INDIAN O
 5 2 213 2 51212 216  643 45140     N INDIAN O
 5 2 214 2 513 0 240  669 45170     N INDIAN O
 5 2 215 2 51312 272  701 42216     N INDIAN O
 5 2 216 2 514 0 302  735 45212     N INDIAN O
 5 3 1 1 3 52112 159  725999-99     N INDIAN O
 5 3 1 2 3 522 0 163  722324 25     N INDIAN O
 5 3 1 3 3 52212 169  719334 33     N INDIAN O
 5 3 1 4 3 523 0 176  718352 35     N INDIAN O
 5 3 1 5 3 52312 182  719  9 30     N INDIAN O
 5 3 1 6 3 524 0 188  721 18 32     N INDIAN O
 5 4 1 1 4 52412 133  840999-99     N INDIAN O
 5 4 1 2 4 525 0 138  832303 46     N INDIAN O
 5 4 1 3 4 52512 150  821318 80     N INDIAN O
 5 4 1 4 4 526 0 167  817347 88     N INDIAN O
 5 4 1 5 4 52612 187  821 11102     N INDIAN O
 5 4 1 6 4 527 0 202  831 32 88     N INDIAN O
 5 4 1 7 4 52712 226  856 44168     N INDIAN O
 5 4 1 8 4 528 0 246  886 54170     N INDIAN O
 5 9 1 1 9 5 212  89  839999-99     N INDIAN O
 5 9 1 2 9 5 3 0  92  835307 25     N INDIAN O
 5 9 1 3 9 5 312 100  819297 88     N INDIAN O
 5 9 1 4 9 5 4 0 108  803297 88     N INDIAN O
 5 9 2 1 9 51112 129  905999-99     N INDIAN O
 5 9 2 2 9 512 0 135  904351 30     N INDIAN O
 5 9 2 3 9 51212 153  905  3 90     N INDIAN O
 5 9 2 4 9 513 0 168  911 21 80     N INDIAN O
 5 9 2 5 9 51312 176  918 40 53     N INDIAN O
 5 9 2 6 9 514 0 171  929116 58     N INDIAN O
 511 2 111 52212  87  711999-99     N INDIAN O
 511 2 211 523 0  87  703270 40     N INDIAN O
 511 2 311 52312  94  683290105     N INDIAN O
 511 2 411 524 0 102  668298 84     N INDIAN O
 511 2 511 52412 112  653304 89     N INDIAN O
 511 2 611 525 0 121  642310 70     N INDIAN O
 511 2 711 52512 143  623320143     N INDIAN O
 511 2 811 526 0 162  605318128     N INDIAN O
 514 1 114 51212 128  919999-99     N INDIAN O
 514 1 214 513 0 131  914302 29     N INDIAN O
 514 1 314 51312 146  891304134     N INDIAN O
 514 1 414 514 0 159  872305113     N INDIAN O
 514 1 514 51412 167  863313 59     N INDIAN O
 514 1 614 515 0 176  854316 63     N INDIAN O
 514 1 714 51512 186  849335 55     N INDIAN O
 514 1 814 516 0 197  847350 56     N INDIAN O
 514 1 914 51612 220  858 24126     N INDIAN O
 514 11014 517 0 237  882 53139     N INDIAN O
 516 1 116 5 312 120  913999-99     N INDIAN O
 516 1 216 5 4 0 128  908329 47     N INDIAN O
 516 1 316 5 412 149  901342110     N INDIAN O
 516 1 416 5 5 0 168  905 11 97     N INDIAN O
 516 1 516 5 512 205  927 29213     N INDIAN O
 516 1 616 5 6 0 231  943 30150     N INDIAN O
 516 2 116 52412 110  631999-99     N INDIAN O
 516 2 216 525 0 119  621313 67     N INDIAN O
 516 2 316 52512 124  616316 35     N INDIAN O
 516 2 416 526 0 130  600291 83     N INDIAN O
 516 2 516 52612 148  590332103     N INDIAN O
 516 2 616 527 0 167  571316132     N INDIAN O
 517 1 117 43012  92  836999-99     N INDIAN O
 517 1 217 5 1 0  99  835352 35     N INDIAN O
 517 1 317 5 112 113  834356 70     N INDIAN O
 517 1 417 5 2 0 128  834360 75     N INDIAN O
 517 1 517 5 212 170  850 20224     N INDIAN O
 517 1 617 5 3 0 202  867 27179     N INDIAN O
 517 1 717 5 312 228  873 12133     N INDIAN O
 517 1 817 5 4 0 248  872357100     N INDIAN O
 518 2 118 52312 200  905999-99     N INDIAN O
 518 2 218 524 0 208  908 19 42     N INDIAN O
 518 2 318 52412 214  914 43 41     N INDIAN O
 518 2 418 525 0 216  922 75 38     N INDIAN O
 519 1 119 52912 125  678999-99     N INDIAN O
 519 1 219 530 0 128  671294 37     N INDIAN O
 519 1 319 53012 131  662289 47     N INDIAN O
 519 1 419 531 0 135  655300 39     N INDIAN O
 519 1 519 53112 141  641294 74     N INDIAN O
 519 1 619 6 1 0 146  631297 54     N INDIAN O
 519 1 719 6 112 157  609297119     N INDIAN O
 519 1 819 6 2 0 170  585299133     N INDIAN O
 523 3 123 5 112 130  846999-99     N INDIAN O
 523 3 223 5 2 0 135  851 44 35     N INDIAN O
 523 3 323 5 212 150  860 30 87     N INDIAN O
 523 3 423 5 3 0 160  865 26 56     N INDIAN O
 523 3 523 5 312 173  874 34 78     N INDIAN O
 523 3 623 5 4 0 185  882 32 71     N INDIAN O
 523 3 723 5 412 193  888 35 49     N INDIAN O
 523 3 823 5 5 0 202  895 36 56     N INDIAN O
 523 3 923 5 512 208  908 64 68     N INDIAN O
 523 31023 5 6 0 211  920 75 58     N INDIAN O
 524 3 124 51812 139  949999-99     N INDIAN O
 524 3 224 519 0 140  943280 30     N INDIAN O
 524 3 324 51912 142  928278 73     N INDIAN O
 524 3 424 520 0 149  916301 68     N INDIAN O
 524 3 524 52012 165  900316111     N INDIAN O
 524 3 624 521 0 181  898353 81     N INDIAN O
 524 3 724 52112 189  901 20 43     N INDIAN O
 524 3 824 522 0 195  906 38 38     N INDIAN O
 524 3 924 52212 199  912 55 35     N INDIAN O
 524 31024 523 0 203  918 55 34     N INDIAN O
 525 4 125 51112 109  923999-99     N INDIAN O
 525 4 225 512 0 112  916294 38     N INDIAN O
 525 4 325 51212 118  901292 79     N INDIAN O
 525 4 425 513 0 122  885284 81     N INDIAN O
 525 4 525 51312 126  868284 85     N INDIAN O
 525 4 625 514 0 129  851280 84     N INDIAN O
 525 4 725 51412 132  833280 89     N INDIAN O
 525 4 825 515 0 140  820302 75     N INDIAN O
 525 4 925 51512 148  815329 47     N INDIAN O
 525 41025 516 0 153  813339 27     N INDIAN O
 525 41125 51612 164  811350 56     N INDIAN O
 525 41225 517 0 170  810351 30     N INDIAN O
 525 41325 51712 183  813 12 67     N INDIAN O
 525 41425 518 0 195  819 25 67     N INDIAN O
 525 41525 51812 213  844 53148     N INDIAN O
 525 41625 519 0 229  875 61164     N INDIAN O
 525 41725 51912 242  894 53108     N INDIAN O
 525 41825 520 0 254  912 54102     N INDIAN O
 526 1 126 51812  89  839999-99     N INDIAN O
 526 1 226 519 0  92  846 67 38     N INDIAN O
 526 1 326 51912 103  869 64126     N INDIAN O
 526 1 426 520 0 117  887 52113     N INDIAN O
 526 1 526 52012 131  898 38 88     N INDIAN O
 526 1 626 521 0 147  905 23 87     N INDIAN O
 526 1 726 52112 159  915 39 77     N INDIAN O
 526 1 826 522 0 192  921 10168     N INDIAN O
 526 1 926 52212 222  935 24163     N INDIAN O
 526 11026 523 0 240  950 38113     N INDIAN O
 527 1 127 51312 135  961999-99     N INDIAN O
 527 1 227 514 0 135  955270 29     N INDIAN O
 527 1 327 51412 135  955  0  0     N INDIAN O
 527 1 427 515 0 135  955  0  0     N INDIAN O
 527 1 527 51512 139  939284 80     N INDIAN O
 527 1 627 516 0 147  927305 71     N INDIAN O
 527 1 727 51612 162  917327 89     N INDIAN O
 527 1 827 517 0 177  916356 75     N INDIAN O
 527 2 127 5 412 112  871999-99     N INDIAN O
 527 2 227 5 5 0 134  884 30127     N INDIAN O
 527 2 327 5 512 146  890 26 67     N INDIAN O
 527 2 427 5 6 0 155  896 33 53     N INDIAN O
 527 2 527 5 612 165  902 30 58     N INDIAN O
 527 2 627 5 7 0 175  909 34 60     N INDIAN O
 527 3 127 53012 172  920999-99     N INDIAN O
 527 3 227 531 0 173  914280 29     N INDIAN O
 527 3 327 53112 174  912298 11     N INDIAN O
 527 3 427 6 1 0 175  909289 15     N INDIAN O
 527 3 527 6 112 177  905298 22     N INDIAN O
 527 3 627 6 2 0 180  901308 24     N INDIAN O
 527 3 727 6 212 185  895311 38     N INDIAN O
 527 3 827 6 3 0 195  887323 63     N INDIAN O
 527 3 927 6 312 199  885335 23     N INDIAN O
 527 31027 6 4 0 204  884349 26     N INDIAN O
 527 31127 6 412 217  879340 69     N INDIAN O
 527 31227 6 5 0 235  875348 92     N INDIAN O
 527 31327 6 512 245  875360 50     N INDIAN O
 527 31427 6 6 0 252  876  7 35     N INDIAN O
 527 4 127 53012 107  712999-99     N INDIAN O
 527 4 227 531 0 112  711349 26     N INDIAN O
 527 4 327 53112 121  708342 48     N INDIAN O
 527 4 427 6 1 0 129  706346 41     N INDIAN O
 527 4 527 6 112 142  700336 71     N INDIAN O
 527 4 627 6 2 0 152  693326 60     N INDIAN O
 527 4 727 6 212 164  677308 98     N INDIAN O
 527 4 827 6 3 0 170  660290 87     N INDIAN O
 527 4 927 6 312 177  640290102     N INDIAN O
 527 41027 6 4 0 180  620279 97     N INDIAN O
 527 41127 6 412 180  609270 53     N INDIAN O
 527 41227 6 5 0 180  600270 43     N INDIAN O
 527 41327 6 512 184  590293 52     N INDIAN O
 527 41427 6 6 0 190  580302 56     N INDIAN O
 529 2 129 51112 138  864999-99     N INDIAN O
 529 2 229 512 0 142  866 26 22     N INDIAN O
 529 2 329 51212 151  872 33 53     N INDIAN O
 529 2 429 513 0 158  877 35 43     N INDIAN O
 529 2 529 51312 177  896 44132     N INDIAN O
 529 2 629 514 0 192  921 58140     N INDIAN O
 530 1 130 51112 180  885999-99     N INDIAN O
 530 1 230 512 0 182  891 71 30     N INDIAN O
 530 1 330 51212 187  924 81158     N INDIAN O
 530 1 430 513 0 188  950 88123     N INDIAN O
 530 2 130 5 412  52  838999-99     N INDIAN O
 530 2 230 5 5 0  55  834307 25     N INDIAN O
 530 2 330 5 512  56  831289 16     N INDIAN O
 530 2 430 5 6 0  59  828315 21     N INDIAN O
 530 2 530 5 612  86  819342143     N INDIAN O
 530 2 630 5 7 0 104  800314130     N INDIAN O
 530 2 730 5 712 108  780282100     N INDIAN O
 530 2 830 5 8 0 117  767305 78     N INDIAN O
 530 2 930 5 812 126  772 29 51     N INDIAN O
 530 21030 5 9 0 130  783 70 58     N INDIAN O
 531 1 131 51312 141  885999-99     N INDIAN O
 531 1 231 514 0 149  880329 47     N INDIAN O
 531 1 331 51412 155  878342 32     N INDIAN O
 531 1 431 515 0 159  880 26 23     N INDIAN O
 531 1 531 51512 170  899 59107     N INDIAN O
 531 1 631 516 0 180  921 65116     N INDIAN O
 532 1 132 52212 160  858999-99     N INDIAN O
 532 1 232 523 0 173  863 20 69     N INDIAN O
 532 1 332 52312 192  871 22103     N INDIAN O
 532 1 432 524 0 219  881 19143     N INDIAN O
 532 1 532 52412 230  893 45 78     N INDIAN O
 532 1 632 525 0 245  905 36 93     N INDIAN O
 532 3 132 51912 119  748999-99     N INDIAN O
 532 3 232 520 0 123  742304 36     N INDIAN O
 532 3 332 52012 127  735300 40     N INDIAN O
 532 3 432 521 0 131  731316 28     N INDIAN O
 532 3 532 52112 136  728330 29     N INDIAN O
 532 3 632 522 0 140  724316 28     N INDIAN O
 533 1 133 52112 111  873999-99     N INDIAN O
 533 1 233 522 0 120  882 44 63     N INDIAN O
 533 1 333 52212 128  892 51 63     N INDIAN O
 533 1 433 523 0 137  900 41 59     N INDIAN O
 533 1 533 52312 148  909 38 70     N INDIAN O
 533 1 633 524 0 161  914 20 69     N INDIAN O
 533 1 733 52412 172  913355 55     N INDIAN O
 533 1 833 525 0 182  914  5 50     N INDIAN O
 533 2 133 51212  80  707999-99     N INDIAN O
 533 2 233 513 0  90  701329 58     N INDIAN O
 533 2 333 51312 100  698344 53     N INDIAN O
 533 2 433 514 0 110  697354 50     N INDIAN O
 533 2 533 51412 119  694342 48     N INDIAN O
 533 2 633 515 0 128  693354 45     N INDIAN O
 533 2 733 51512 144  692357 80     N INDIAN O
 533 2 833 516 0 158  692360 70     N INDIAN O
 533 2 933 51612 173  693  4 75     N INDIAN O
 533 21033 517 0 187  695  8 71     N INDIAN O
 533 21133 51712 201  698 11 72     N INDIAN O
 533 21233 518 0 217  702 13 83     N INDIAN O
 533 21333 51812 222  703 11 26     N INDIAN O
 533 21433 519 0 225  704 17 16     N INDIAN O
 536 2 136 52212 125  827999-99     N INDIAN O
 536 2 236 523 0 142  844 44119     N INDIAN O
 536 2 336 52312 152  858 54 84     N INDIAN O
 536 2 436 524 0 170  870 33107     N INDIAN O
 536 2 536 52412 175  872 21 27     N INDIAN O
 536 2 636 525 0 182  873  8 35     N INDIAN O
 536 2 736 52512 188  873360 30     N INDIAN O
 536 2 836 526 0 195  874  8 35     N INDIAN O
 536 2 936 52612 205  877 16 52     N INDIAN O
 536 21036 527 0 213  880 19 43     N INDIAN O
 536 21136 52712 223  884 20 53     N INDIAN O
 536 21236 528 0 237  894 33 84     N INDIAN O
 538 2 138 52412 198  889999-99     N INDIAN O
 538 2 238 525 0 205  892 22 38     N INDIAN O
 538 2 338 52512 212  897 34 42     N INDIAN O
 538 2 438 526 0 222  898  5 50     N INDIAN O
 538 2 538 52612 227  896340 27     N INDIAN O
 538 2 638 527 0 230  890299 32     N INDIAN O
 538 2 738 52712 236  879301 59     N INDIAN O
 538 2 838 528 0 243  871314 51     N INDIAN O
 540 1 140 51712 117  832999-99     N INDIAN O
 540 1 240 518 0 118  827282 25     N INDIAN O
 540 1 340 51812 120  817282 50     N INDIAN O
 540 1 440 519 0 125  810306 43     N INDIAN O
 540 1 540 51912 136  802325 68     N INDIAN O
 540 1 640 520 0 147  799345 57     N INDIAN O
 540 1 740 52012 155  797346 41     N INDIAN O
 540 1 840 521 0 164  795348 46     N INDIAN O
 540 1 940 52112 175  807 46 79     N INDIAN O
 540 11040 522 0 180  825 74 89     N INDIAN O
 540 11140 52212 183  832 66 37     N INDIAN O
 540 11240 523 0 184  840 83 38     N INDIAN O
 540 11340 52312 194  870 71151     N INDIAN O
 540 11440 524 0 207  903 67168     N INDIAN O
 541 1 141 52412 107  700999-99     N INDIAN O
 541 1 241 525 0 107  712 90 59     N INDIAN O
 541 1 341 52512 107  719 90 34     N INDIAN O
 541 1 441 526 0 107  723 90 20     N INDIAN O
 541 2 141 52112 121  956999-99     N INDIAN O
 541 2 241 522 0 127  951321 39     N INDIAN O
 541 2 341 52212 138  943325 68     N INDIAN O
 541 2 441 523 0 147  938332 51     N INDIAN O
 541 2 541 52312 158  931329 64     N INDIAN O
 541 2 641 524 0 167  925327 53     N INDIAN O
 541 2 741 52412 183  917335 88     N INDIAN O
 541 2 841 525 0 202  910341101     N INDIAN O
 541 2 941 52512 214  906343 63     N INDIAN O
 541 21041 526 0 228  907  4 70     N INDIAN O
 543 1 143 53012 195  892999-99     N INDIAN O
 543 1 243 531 0 200  890339 27     N INDIAN O
 543 1 343 53112 210  888349 51     N INDIAN O
 543 1 443 6 1 0 220  884340 53     N INDIAN O
 543 1 543 6 112 238  883357 90     N INDIAN O
 543 1 643 6 2 0 253  884  4 75     N INDIAN O
 543 2 143 51212 103  828999-99     N INDIAN O
 543 2 243 513 0 107  823309 32     N INDIAN O
 543 2 343 51312 107  823  0  0     N INDIAN O
 543 2 443 514 0 107  823  0  0     N INDIAN O
 543 2 543 51412 107  823  0  0     N INDIAN O
 543 2 643 515 0 107  823  0  0     N INDIAN O
 543 2 743 51512 111  819316 28     N INDIAN O
 543 2 843 516 0 115  815316 28     N INDIAN O
 543 2 943 51612 117  811297 22     N INDIAN O
 543 21043 517 0 119  809316 14     N INDIAN O
 543 21143 51712 119  809  0  0     N INDIAN O
 543 21243 518 0 119  809  0  0     N INDIAN O
 543 21343 51812 125  801308 49     N INDIAN O
 543 21443 519 0 128  795297 33     N INDIAN O
 543 21543 51912 133  785297 55     N INDIAN O
 543 21643 520 0 138  775297 55     N INDIAN O
 543 21743 52012 140  764281 54     N INDIAN O
 543 21843 521 0 142  754282 49     N INDIAN O
 543 21943 52112 143  693271296     N INDIAN O
 543 22043 522 0 147  685297 43     N INDIAN O
 543 22143 52212 151  683334 23     N INDIAN O
 543 22243 523 0 156  680330 29     N INDIAN O
 544 2 144 51912 143  917999-99     N INDIAN O
 544 2 244 520 0 148  919 21 27     N INDIAN O
 544 2 344 52012 160  924 22 65     N INDIAN O
 544 2 444 521 0 170  927 16 52     N INDIAN O
 548 3 148 51512 145  925999-99     N INDIAN O
 548 3 248 516 0 153  945 68105     N INDIAN O
 548 3 348 51612 172  948  9 96     N INDIAN O
 548 3 448 517 0 188  931315113     N INDIAN O
 548 3 548 51712 198  925331 58     N INDIAN O
 548 3 648 518 0 207  920333 51     N INDIAN O
 549 3 149 52912 173  702999-99     N INDIAN O
 549 3 249 530 0 177  697310 31     N INDIAN O
 549 3 349 53012 182  692316 34     N INDIAN O
 549 3 449 531 0 188  687322 38     N INDIAN O
 549 4 149 52012 110  845999-99     N INDIAN O
 549 4 249 521 0 112  838286 36     N INDIAN O
 549 4 349 52112 123  824309 88     N INDIAN O
 549 4 449 522 0 133  814316 70     N INDIAN O
 550 2 150 52212  76  933999-99     N INDIAN O
 550 2 250 523 0  82  931342 32     N INDIAN O
 550 2 350 52312  92  929349 51     N INDIAN O
 550 2 450 524 0 102  924334 56     N INDIAN O
 550 2 550 52412 107  912293 64     N INDIAN O
 550 2 650 525 0 111  905300 40     N INDIAN O
 550 2 750 52512 123  888306103     N INDIAN O
 550 2 850 526 0 137  873314101     N INDIAN O
 550 2 950 52612 145  858299 83     N INDIAN O
 550 21050 527 0 153  849313 59     N INDIAN O
 552 1 152 51512 104  925999-99     N INDIAN O
 552 1 252 516 0 109  924349 26     N INDIAN O
 552 1 352 51612 122  921347 67     N INDIAN O
 552 1 452 517 0 135  917343 68     N INDIAN O
 552 2 152 51912 122  838999-99     N INDIAN O
 552 2 252 520 0 124  830284 40     N INDIAN O
 552 2 352 52012 129  821300 51     N INDIAN O
 552 2 452 521 0 135  815316 42     N INDIAN O
 552 2 552 52112 142  812337 38     N INDIAN O
 552 2 652 522 0 150  811353 40     N INDIAN O
 552 2 752 52212 158  813 14 41     N INDIAN O
 552 2 852 523 0 162  818 50 32     N INDIAN O
 555 1 155 51612  97  851999-99     N INDIAN O
 555 1 255 517 0 107  830296115     N INDIAN O
 555 1 355 51712 113  812289 93     N INDIAN O
 555 1 455 518 0 118  798290 73     N INDIAN O
 555 2 155 5 412 110  835999-99     N INDIAN O
 555 2 255 5 5 0 115  835360 25     N INDIAN O
 555 2 355 5 512 128  834356 65     N INDIAN O
 555 2 455 5 6 0 139  833355 55     N INDIAN O
 555 2 555 5 612 154  829346 78     N INDIAN O
 555 2 655 5 7 0 166  822331 69     N INDIAN O
 556 3 156 52812 215  900999-99     N INDIAN O
 556 3 256 529 0 215  895270 23     N INDIAN O
 556 3 356 52912 215  889270 28     N INDIAN O
 556 3 456 530 0 216  885285 19     N INDIAN O
 556 3 556 53012 216  885  0  0     N INDIAN O
 556 3 656 531 0 216  885  0  0     N INDIAN O
 556 3 756 53112 218  880293 25     N INDIAN O
 556 3 856 6 1 0 222  876317 28     N INDIAN O
 556 3 956 6 112 228  875351 30     N INDIAN O
 556 31056 6 2 0 232  877 25 22     N INDIAN O
 556 31156 6 212 237  887 61 53     N INDIAN O
 556 31256 6 3 0 241  897 66 50     N INDIAN O
 557 1 157 52612 145  726999-99     N INDIAN O
 557 1 257 527 0 148  725342 16     N INDIAN O
 557 1 357 52712 173  716341133     N INDIAN O
 557 1 457 528 0 189  703322101     N INDIAN O
 558 1 158 5 612 125  826999-99     N INDIAN O
 558 1 258 5 7 0 129  830 44 28     N INDIAN O
 558 1 358 5 712 136  835 35 43     N INDIAN O
 558 1 458 5 8 0 144  840 31 47     N INDIAN O
 558 2 158 516 0 160  878999-99     N INDIAN O
 558 2 258 51612 175  879  4 75     N INDIAN O
 558 2 358 517 0 185  881 11 51     N INDIAN O
 558 2 458 51712 196  887 27 62     N INDIAN O
 558 2 558 518 0 204  895 43 55     N INDIAN O
 558 2 658 51812 226  915 40144     N INDIAN O
 558 2 758 519 0 245  929 34115     N INDIAN O
 559 1 159 51812  87  707999-99     N INDIAN O
 559 1 259 519 0  93  705342 32     N INDIAN O
 559 1 359 51912 106  699336 72     N INDIAN O
 559 1 459 520 0 119  692332 73     N INDIAN O
 559 1 559 52012 129  683319 67     N INDIAN O
 559 1 659 521 0 139  672313 73     N INDIAN O
 559 1 759 52112 148  651294111     N INDIAN O
 559 1 859 522 0 152  631282 98     N INDIAN O
 559 1 959 52212 156  603278137     N INDIAN O
 559 11059 523 0 159  580278112     N INDIAN O
 559 11159 52312 162  560279 98     N INDIAN O
 559 11259 524 0 167  545289 76     N INDIAN O
 560 1 160 52612 196  886999-99     N INDIAN O
 560 1 260 527 0 201  885349 25     N INDIAN O
 560 1 360 52712 212  884355 55     N INDIAN O
 560 1 460 528 0 228  885  3 80     N INDIAN O
 560 1 560 52812 237  886  6 45     N INDIAN O
 560 1 660 529 0 248  891 23 59     N INDIAN O
 560 2 160 51012  89  700999-99     N INDIAN O
 560 2 260 511 0  93  695309 32     N INDIAN O
 560 2 360 51112 103  685315 70     N INDIAN O
 560 2 460 512 0 112  676316 63     N INDIAN O
 560 2 560 51212 121  668319 60     N INDIAN O
 560 2 660 513 0 128  660312 53     N INDIAN O
 560 2 760 51312 138  650316 70     N INDIAN O
 560 2 860 514 0 145  640306 60     N INDIAN O
 560 2 960 51412 148  632291 42     N INDIAN O
 560 21060 515 0 148  625270 34     N INDIAN O
 560 21160 51512 147  617263 39     N INDIAN O
 560 21260 516 0 145  610254 35     N INDIAN O
 560 21360 51612 143  602256 40     N INDIAN O
 560 21460 517 0 143  595270 34     N INDIAN O
 560 21560 51712 146  576279 93     N INDIAN O
 560 21660 518 0 148  560277 78     N INDIAN O
 561 3 161 52212 133  725999-99     N INDIAN O
 561 3 261 523 0 140  730 35 43     N INDIAN O
 561 3 361 52312 144  732 26 23     N INDIAN O
 561 3 461 524 0 150  733  9 30     N INDIAN O
 561 3 561 52412 164  733360 70     N INDIAN O
 561 3 661 525 0 174  755 65117     N INDIAN O
 561 4 161 5 412 108  961999-99     N INDIAN O
 561 4 261 5 5 0 114  955316 42     N INDIAN O
 561 4 361 5 512 119  950316 35     N INDIAN O
 561 4 461 5 6 0 124  945316 35     N INDIAN O
 561 4 561 5 612 133  937319 59     N INDIAN O
 561 4 661 5 7 0 140  930316 49     N INDIAN O
 561 4 761 5 712 157  917324106     N INDIAN O
 561 4 861 5 8 0 180  905334128     N INDIAN O
 561 4 961 5 812 201  901350107     N INDIAN O
 561 41061 5 9 0 223  903  5110     N INDIAN O
 561 5 161 52612 145  954999-99     N INDIAN O
 561 5 261 527 0 150  950322 32     N INDIAN O
 561 5 361 52712 164  935314101     N INDIAN O
 561 5 461 528 0 182  922325109     N INDIAN O
 561 5 561 52812 187  915307 42     N INDIAN O
 561 5 661 529 0 196  912343 48     N INDIAN O
 561 5 761 52912 210  911356 70     N INDIAN O
 561 5 861 530 0 223  916 20 69     N INDIAN O
 561 5 961 53012 243  937 44139     N INDIAN O
 562 1 162 52712 169  644999-99     N INDIAN O
 562 1 262 528 0 170  639282 24     N INDIAN O
 562 1 362 52812 176  619287100     N INDIAN O
 562 1 462 529 0 181  599285 98     N INDIAN O
 562 1 562 52912 183  591285 39     N INDIAN O
 562 1 662 530 0 186  583292 41     N INDIAN O
 562 2 162 51312  94  823999-99     N INDIAN O
 562 2 262 514 0 100  822351 30     N INDIAN O
 562 2 362 51412 107  821352 35     N INDIAN O
 562 2 462 515 0 114  818337 38     N INDIAN O
 562 2 562 51512 124  809319 67     N INDIAN O
 562 2 662 516 0 123  791267 88     N INDIAN O
 562 2 762 51612 117  776248 79     N INDIAN O
 562 2 862 517 0 115  762262 69     N INDIAN O
 562 2 962 51712 120  755306 43     N INDIAN O
 562 21062 518 0 124  751316 28     N INDIAN O
 562 21162 51812 130  745316 42     N INDIAN O
 562 21262 519 0 134  741316 28     N INDIAN O
 562 21362 51912 136  737297 22     N INDIAN O
 562 21462 520 0 139  733308 24     N INDIAN O
 562 21562 52012 148  712294111     N INDIAN O
 562 21662 521 0 156  690291113     N INDIAN O
 562 21762 52112 166  669296113     N INDIAN O
 562 21862 522 0 176  650299103     N INDIAN O
 562 21962 52212 185  628293114     N INDIAN O
 562 3 162 52312 166  919999-99     N INDIAN O
 562 3 262 524 0 171  919360 25     N INDIAN O
 562 3 362 52412 186  920  4 75     N INDIAN O
 562 3 462 525 0 196  924 21 53     N INDIAN O
 562 3 562 52512 207  933 38 69     N INDIAN O
 563 2 163 51712  76  684999-99     N INDIAN O
 563 2 263 518 0  80  684360 20     N INDIAN O
 563 2 363 51812  96  684360 80     N INDIAN O
 563 2 463 519 0 101  684360 25     N INDIAN O
 563 2 563 51912 101  684  0  0     N INDIAN O
 563 2 663 520 0 101  684  0  0     N INDIAN O
 563 2 763 52012 105  683346 21     N INDIAN O
 563 2 863 521 0 108  679307 25     N INDIAN O
 563 2 963 52112 112  671297 44     N INDIAN O
 563 21063 522 0 114  663284 41     N INDIAN O
 563 21163 52212 119  652295 59     N INDIAN O
 563 21263 523 0 123  644297 44     N INDIAN O
 563 21363 52312 135  630311 91     N INDIAN O
 563 21463 524 0 147  614308 98     N INDIAN O
 563 21563 52412 155  602305 70     N INDIAN O
 563 21663 525 0 157  597293 26     N INDIAN O
 563 21763 52512 166  583304 81     N INDIAN O
 563 21863 526 0 169  572286 55     N INDIAN O
 563 21963 52612 178  561311 69     N INDIAN O
 563 3 163 52312  85  900999-99     N INDIAN O
 563 3 263 524 0  89  900360 20     N INDIAN O
 563 3 363 52412 104  900360 75     N INDIAN O
 563 3 463 525 0 119  900360 75     N INDIAN O
 563 3 563 52512 132  900360 65     N INDIAN O
 563 3 663 526 0 144  900360 60     N INDIAN O
 563 3 763 52612 155  901  5 55     N INDIAN O
 563 3 863 527 0 166  904 15 57     N INDIAN O
 563 3 963 52712 178  908 18 63     N INDIAN O
 563 31063 528 0 183  911 30 29     N INDIAN O
 563 31163 52812 212  915  7146     N INDIAN O
 563 31263 529 0 242  917  4150     N INDIAN O
 564 1 164 5 512 121  858999-99     N INDIAN O
 564 1 264 5 6 0 122  865 82 35     N INDIAN O
 564 1 364 5 612 125  877 76 61     N INDIAN O
 564 1 464 5 7 0 129  889 71 62     N INDIAN O
 564 1 564 5 712 140  905 55 95     N INDIAN O
 564 1 664 5 8 0 154  920 46101     N INDIAN O
 564 1 764 5 812 187  932 19175     N INDIAN O
 564 1 864 5 9 0 222  939 11178     N INDIAN O
 565 1 165 5 9 0 135  854999-99     N INDIAN O
 565 1 265 5 912 142  856 16 36     N INDIAN O
 565 1 365 510 0 161  863 20101     N INDIAN O
 565 1 465 51012 173  868 22 65     N INDIAN O
 565 1 565 511 0 185  874 25 67     N INDIAN O
 565 1 665 51112 215  893 31174     N INDIAN O
 565 1 765 512 0 241  913 35159     N INDIAN O
 565 2 165 526 0 149  888999-99     N INDIAN O
 565 2 265 52612 152  892 52 24     N INDIAN O
 565 2 365 527 0 154  894 44 14     N INDIAN O
 565 2 465 52712 159  895 11 26     N INDIAN O
 565 2 565 528 0 164  896 11 26     N INDIAN O
 565 2 665 52812 167  898 33 18     N INDIAN O
 565 2 765 529 0 169  900 44 14     N INDIAN O
 565 2 865 52912 172  902 33 18     N INDIAN O
 565 2 965 530 0 174  903 26 11     N INDIAN O
 565 21065 53012 184  904  5 50     N INDIAN O
 565 21165 531 0 194  904360 50     N INDIAN O
 565 21265 53112 216  903358110     N INDIAN O
 565 21365 6 1 0 239  905  5115     N INDIAN O
 566 2 166 51612 136  963999-99     N INDIAN O
 566 2 266 517 0 138  962334 11     N INDIAN O
 566 2 366 51712 150  948312 91     N INDIAN O
 566 2 466 518 0 169  930318128     N INDIAN O
 567 2 167 51412 110  915999-99     N INDIAN O
 567 2 267 515 0 114  915360 20     N INDIAN O
 567 2 367 51512 123  914354 45     N INDIAN O
 567 2 467 516 0 130  914360 35     N INDIAN O
 567 2 567 51612 140  917 16 53     N INDIAN O
 567 2 667 517 0 150  924 34 60     N INDIAN O
 567 2 767 51712 174  933 20128     N INDIAN O
 567 2 867 518 0 200  939 12133     N INDIAN O
 567 2 967 51812 224  945 13123     N INDIAN O
 568 1 168 5 612 136  961999-99     N INDIAN O
 568 1 268 5 7 0 139  956302 29     N INDIAN O
 568 1 368 5 712 148  948319 59     N INDIAN O
 568 1 468 5 8 0 154  941312 45     N INDIAN O
 568 1 568 5 812 167  929318 87     N INDIAN O
 568 1 668 5 9 0 180  922333 73     N INDIAN O
 568 1 768 5 912 194  924  8 71     N INDIAN O
 568 1 868 510 0 204  936 49 75     N INDIAN O
 568 1 968 51012 213  945 43 62     N INDIAN O
 569 1 169 51312 148  875999-99     N INDIAN O
 569 1 269 514 0 150  870293 26     N INDIAN O
 569 1 369 51412 154  858289 62     N INDIAN O
 569 1 469 515 0 156  849283 44     N INDIAN O
 569 1 569 51512 156  838270 53     N INDIAN O
 569 1 669 516 0 155  829263 43     N INDIAN O
 569 1 769 51612 155  814270 73     N INDIAN O
 569 1 869 517 0 156  805277 43     N INDIAN O
 569 1 969 51712 160  804347 21     N INDIAN O
 569 11069 518 0 163  806 33 18     N INDIAN O
 569 11169 51812 164  808 63 11     N INDIAN O
 569 11269 519 0 166  809 26 11     N INDIAN O
 569 11369 51912 179  809360 65     N INDIAN O
 570 1 170 528 0 140  716999-99     N INDIAN O
 570 1 270 52812 147  715352 35     N INDIAN O
 570 1 370 529 0 155  715360 40     N INDIAN O
 570 1 470 52912 167  714355 60     N INDIAN O
 570 1 570 530 0 176  709332 51     N INDIAN O
 570 1 670 53012 186  693303 91     N INDIAN O
 570 1 770 531 0 191  679291 71     N INDIAN O
 570 1 870 53112 196  660286 93     N INDIAN O
 570 1 970 6 1 0 199  639279100     N INDIAN O
 570 11070 6 112 200  617273103     N INDIAN O
 570 11170 6 2 0 200  600270 80     N INDIAN O
 570 11270 6 212 200  580270 94     N INDIAN O
 570 2 170 52212 193  906999-99     N INDIAN O
 570 2 270 523 0 196  911 58 28     N INDIAN O
 570 2 370 52312 206  923 48 75     N INDIAN O
 570 3 170 5 112 100  887999-99     N INDIAN O
 570 3 270 5 2 0 108  881324 50     N INDIAN O
 570 3 370 5 212 133  875347128     N INDIAN O
 570 3 470 5 3 0 149  880 17 83     N INDIAN O
 570 3 570 5 312 171  891 26122     N INDIAN O
 570 3 670 5 4 0 180  899 40 59     N INDIAN O
 570 3 770 5 412 186  905 44 42     N INDIAN O
 570 3 870 5 5 0 189  909 52 24     N INDIAN O
 570 3 970 5 512 196  914 34 43     N INDIAN O
 570 31070 5 6 0 199  915 17 16     N INDIAN O
 570 31170 5 612 207  917 13 41     N INDIAN O
 571 1 171 5 312  98  925999-99     N INDIAN O
 571 1 271 5 4 0 101  924342 16     N INDIAN O
 571 1 371 5 412 108  920331 40     N INDIAN O
 571 1 471 5 5 0 111  918327 18     N INDIAN O
 571 1 571 5 512 126  913342 79     N INDIAN O
 571 1 671 5 6 0 141  906336 83     N INDIAN O
 571 1 771 5 612 158  894326103     N INDIAN O
 571 1 871 5 7 0 175  889344 88     N INDIAN O
 571 1 971 5 712 204  904 26162     N INDIAN O
 571 11071 5 8 0 209  919 70 74     N INDIAN O
 573 1 173 526 0 117  613999-99     N INDIAN S
 573 1 273 52612 125  590290119     N INDIAN S
 573 1 373 527 0 125  570270 98     N INDIAN S
 573 1 473 52712 124  550267 98     N INDIAN S
 573 1 573 528 0 124  525270122     N INDIAN S
 573 1 673 52812 124  505270 98     N INDIAN S
 574 2 174 517 0 114  691999-99     N INDIAN S
 574 2 274 51712 120  674290 89     N INDIAN S
 574 2 374 518 0 132  659309 95     N INDIAN S
 574 2 474 51812 145  640305113     N INDIAN S
 574 2 574 519 0 154  618293115     N INDIAN S
 574 2 674 51912 155  594273116     N INDIAN S
 574 2 774 520 0 151  580254 70     N INDIAN S
 574 2 874 52012 148  560261 98     N INDIAN S
 574 2 974 521 0 145  544259 79     N INDIAN S
 574 21074 52112 143  526264 88     N INDIAN S
 574 21174 522 0 141  511262 73     N INDIAN S
 574 3 174 52912 216  885999-99     N INDIAN O
 574 3 274 530 0 218  887 43 14     N INDIAN O
 574 3 374 53012 221  889 32 18     N INDIAN O
 574 3 474 531 0 228  894 33 42     N INDIAN O
 574 3 574 53112 230  897 54 17     N INDIAN O
 574 3 674 6 1 0 242  908 40 78     N INDIAN O
 575 2 175 5 1 0  85  715999-99     N INDIAN O
 575 2 275 5 112 100  712349 76     N INDIAN O
 575 2 375 5 2 0 105  711349 25     N INDIAN O
 575 2 475 5 212 105  711360  0     N INDIAN O
 575 2 575 5 3 0 109  710346 21     N INDIAN O
 575 2 675 5 312 116  707337 38     N INDIAN O
 575 2 775 5 4 0 119  706342 16     N INDIAN O
 575 2 875 5 412 125  704342 32     N INDIAN O
 575 2 975 5 5 0 134  701342 47     N INDIAN O
 575 21075 5 512 140  698334 33     N INDIAN O
 575 21175 5 6 0 144  665277161     N INDIAN O
 575 21275 5 612 140  685102 99     N INDIAN O
 575 21375 5 7 0 136  672252 66     N INDIAN O
 575 21475 5 712 140  660289 62     N INDIAN O
 575 21575 5 8 0 141  656285 20     N INDIAN O
 575 21675 5 812 150  650327 54     N INDIAN O
 575 21775 5 9 0 154  648334 22     N INDIAN O
 575 21875 5 912 160  645334 33     N INDIAN O
 575 21975 510 0 164  645360 20     N INDIAN O
 575 22075 51012 170  645360 30     N INDIAN O
 575 22175 511 0 179  645360 45     N INDIAN O
 575 22275 51112 194  646  4 75     N INDIAN O
 575 3 175 5 412 125  960999-99     N INDIAN R
 575 3 275 5 5 0 129  960360 20     N INDIAN R
 575 3 375 5 512 140  950319 73     N INDIAN R
 575 3 475 5 6 0 149  941316 63     N INDIAN R
 575 3 575 5 612 156  926296 80     N INDIAN R
 575 3 675 5 7 0 159  934 69 41     N INDIAN R
 575 3 775 5 712 165  937 26 33     N INDIAN R
 575 3 875 5 8 0 176  954 56 98     N INDIAN R
 575 3 975 5 812 190  982 62150     N INDIAN R
 575 4 175 52912  90  725999-99     N INDIAN R
 575 4 275 530 0 113  718343120     N INDIAN R
 575 4 375 53012 140  710344140     N INDIAN R
 575 4 475 531 0 164  704346123     N INDIAN R
 575 4 575 53112 186  723 40142     N INDIAN R
 575 4 675 6 1 0 189  737 77 68     N INDIAN R
 576 2 176 529 0 115  695999-99     N INDIAN O
 576 2 276 52912 120  700 44 35     N INDIAN O
 576 2 376 530 0 128  708 44 56     N INDIAN O
 576 2 476 53012 140  714 26 67     N INDIAN O
 576 2 576 531 0 145  716 21 27     N INDIAN O
 576 2 676 53112 152  716360 35     N INDIAN O
 576 2 776 6 1 0 163  714350 56     N INDIAN O
 576 2 876 6 112 176  710344 68     N INDIAN O
 576 2 976 6 2 0 185  712 12 46     N INDIAN O
 576 21076 6 212 196  714 10 56     N INDIAN O
 576 21176 6 3 0 209  718 16 68     N INDIAN O
 576 21276 6 312 216  721 22 38     N INDIAN O
 576 21376 6 4 0 225  726 27 51     N INDIAN O
 576 21476 6 412 225  726360  0     N INDIAN O
 576 21576 6 5 0 228  728 32 18     N INDIAN O
 576 21676 6 512 235  732 28 39     N INDIAN O
 577 1 177 5 9 0  76  844999-99     N INDIAN R
 577 1 277 5 912  90  853 33 83     N INDIAN R
 577 1 377 510 0 115  837328148     N INDIAN R
 577 1 477 51012 135  849 30116     N INDIAN R
 577 1 577 511 0 149  861 40 91     N INDIAN R
 577 1 677 51112 171  874 30126     N INDIAN R
 577 1 777 512 0 188  886 34102     N INDIAN R
 577 1 877 51212 210  898 27124     N INDIAN R
 577 1 977 513 0 220  905 33 60     N INDIAN R
 577 11077 51312 240  906  3100     N INDIAN R
 578 1 178 514 0 111  910999-99     N INDIAN O
 578 1 278 51412 127  914 14 82     N INDIAN O
 578 1 378 515 0 138  917 15 57     N INDIAN O
 578 1 478 51512 149  920 15 57     N INDIAN O
 578 1 578 516 0 156  922 15 36     N INDIAN O
 578 1 678 51612 171  923  4 75     N INDIAN O
 578 1 778 517 0 183  923360 60     N INDIAN O
 578 1 878 51712 201  933 28102     N INDIAN O
 579 1 179 5 512  70  899999-99     N INDIAN O
 579 1 279 5 6 0  70  897270 10     N INDIAN O
 579 1 379 5 612  71  890278 35     N INDIAN O
 579 1 479 5 7 0  71  882270 40     N INDIAN O
 579 1 579 5 712  65  867248 80     N INDIAN O
 579 1 679 5 8 0  58  863210 40     N INDIAN O
 579 1 779 5 812  58  860270 15     N INDIAN O
 579 1 879 5 9 0  68  855334 56     N INDIAN O
 579 1 979 5 912  86  854357 90     N INDIAN O
 579 11079 510 0 108  846340117     N INDIAN O
 579 11179 51012 121  840336 71     N INDIAN O
 579 11279 511 0 130  832319 60     N INDIAN O
 579 11379 51112 141  819311 84     N INDIAN O
 579 11479 512 0 145  805286 71     N INDIAN O
 579 11579 51212 154  799327 53     N INDIAN O
 579 11679 513 0 160  797342 31     N INDIAN O
 579 11779 51312 172  796355 60     N INDIAN O
 582 2 182 53012 134  883999-99     N INDIAN O
 582 2 282 531 0 137  891 69 42     N INDIAN O
 582 2 382 53112 147  901 44 70     N INDIAN O
 582 2 482 6 1 0 157  899349 51     N INDIAN O
 582 2 582 6 112 164  897345 36     N INDIAN O
 582 2 682 6 2 0 172  894340 42     N INDIAN O
 582 2 782 6 212 179  888321 45     N INDIAN O
 582 2 882 6 3 0 187  881320 52     N INDIAN O
 582 2 982 6 312 199  869317 82     N INDIAN O
 582 21082 6 4 0 218  854324118     N INDIAN O
 584 1 184 52312 107  562999-99     N INDIAN O
 584 1 284 524 0 111  557309 32     N INDIAN O
 584 1 384 52412 115  553316 28     N INDIAN O
 584 1 484 525 0 119  549316 28     N INDIAN O
 584 1 584 52512 122  544302 29     N INDIAN O
 584 1 684 526 0 127  534297 55     N INDIAN O
 584 1 784 52612 132  524297 55     N INDIAN O
 584 1 884 527 0 135  504279 98     N INDIAN O
 584 1 984 52712 123  476246149     N INDIAN O
 584 11084 528 0 109  448243154     N INDIAN O
 585 1 185 523 0 166  881999-99     N INDIAN O
 585 1 285 52312 177  888 31 64     N INDIAN O
 585 1 385 524 0 190  897 33 78     N INDIAN O
 585 1 485 52412 205  904 24 82     N INDIAN O
 585 1 585 525 0 225  912 20107     N INDIAN O
 585 2 185 52812 158  675999-99     N INDIAN O
 585 2 285 529 0 172  677  8 71     N INDIAN O
 585 2 385 52912 186  681 15 72     N INDIAN O
 585 2 485 530 0 201  685 14 77     N INDIAN O
 585 2 585 53012 214  683352 66     N INDIAN O
 585 2 685 531 0 228  684  4 70     N INDIAN O
 585 2 785 53112 239  688 19 58     N INDIAN O
 585 2 885 6 1 0 248  695 35 55     N INDIAN O
 587 2 187 53012 135  942999-99     N INDIAN R
 587 2 287 531 0 145  931313 73     N INDIAN R
 587 2 387 53112 153  922313 59     N INDIAN R
 587 2 487 6 1 0 160  915316 49     N INDIAN R
 587 2 587 6 112 166  906305 53     N INDIAN R
 587 2 687 6 2 0 169  897289 46     N INDIAN R
 587 2 787 6 212 172  887287 50     N INDIAN R
 587 2 887 6 3 0 180  885347 41     N INDIAN R
 587 2 987 6 312 191  891 27 62     N INDIAN R
 587 21087 6 4 0 203  901 38 76     N INDIAN R
 587 21187 6 412 219  908 22 86     N INDIAN R
 587 21287 6 5 0 237  909  3 90     N INDIAN R
 589 1 189 523 0 169  903999-99     N INDIAN S
 589 1 289 52312 181  898338 65     N INDIAN S
 589 1 389 524 0 194  890330 75     N INDIAN S
 589 1 489 52412 196  883287 34     N INDIAN S
 589 1 589 525 0 195  878258 24     N INDIAN S
 589 1 689 52512 198  879 17 16     N INDIAN S
 589 1 789 526 0 203  875323 31     N INDIAN S
 589 1 889 52612 213  873349 51     N INDIAN S
 589 1 989 527 0 228  871353 76     N INDIAN S
