 3 7 1 1 7 3 712  83  865999-99     N INDIAN O
 3 7 1 2 7 3 8 0  83  853270 59     N INDIAN O
 3 7 1 3 7 3 812  82  844264 45     N INDIAN O
 3 7 1 4 7 3 9 0  81  835264 45     N INDIAN O
 3 7 1 5 7 3 912  78  826251 47     N INDIAN O
 3 7 1 6 7 310 0  72  819229 46     N INDIAN O
 324 1 124 3 812  47  946999-99     N INDIAN O
 324 1 224 3 9 0  72  928324154     N INDIAN O
 324 1 324 3 912  83  921328 65     N INDIAN O
 324 1 424 310 0  95  915334 67     N INDIAN O
 324 1 524 31012 101  912334 33     N INDIAN O
 324 1 624 311 0 107  910342 32     N INDIAN O
 325 2 125 31112  51  787999-99     N INDIAN O
 325 2 225 312 0  61  785349 51     N INDIAN O
 325 2 325 31212  68  785360 35     N INDIAN O
 325 2 425 313 0  74  786  9 30     N INDIAN O
 325 2 525 31312  83  791 29 52     N INDIAN O
 325 2 625 314 0  92  797 33 54     N INDIAN O
 325 2 725 31412  98  805 53 49     N INDIAN O
 325 2 825 315 0 104  810 39 39     N INDIAN O
 325 2 925 31512 111  811  8 35     N INDIAN O
 325 21025 316 0 115  807316 28     N INDIAN O
 328 1 128 32412  77  905999-99     N INDIAN O
 328 1 228 325 0 105  885325171     N INDIAN O
 328 1 328 32512 109  879304 36     N INDIAN O
 328 1 428 326 0 114  872306 43     N INDIAN O
 328 1 528 32612 120  865311 46     N INDIAN O
 328 1 628 327 0 127  855306 60     N INDIAN O
 328 1 728 32712 134  848316 49     N INDIAN O
 328 1 828 328 0 142  830295 96     N INDIAN O
 338 1 138 31912  77  860999-99     N INDIAN O
 338 1 238 320 0  77  848270 60     N INDIAN O
 338 1 338 32012  77  830270 89     N INDIAN O
 338 1 438 321 0  85  817302 76     N INDIAN O
