 6 0 1 1 0 62112 205  885999-99     N INDIAN O
 6 0 1 2 0 622 0 209  881317 27     N INDIAN O
 6 0 1 3 0 62212 213  879335 22     N INDIAN O
 6 0 1 4 0 623 0 218  877340 27     N INDIAN O
 6 0 1 5 0 62312 225  880 22 38     N INDIAN O
 6 0 1 6 0 624 0 230  886 48 38     N INDIAN O
 6 0 2 1 0 61012 189  890999-99     N INDIAN O
 6 0 2 2 0 611 0 191  883287 35     N INDIAN O
 6 0 2 3 0 61112 195  871290 60     N INDIAN O
 6 0 2 4 0 612 0 200  860296 58     N INDIAN O
 6 0 2 5 0 61212 209  845303 83     N INDIAN O
 6 0 2 6 0 613 0 220  840337 60     N INDIAN O
 6 0 2 7 0 61312 232  849 35 73     N INDIAN O
 6 0 2 8 0 614 0 240  862 56 72     N INDIAN O
 6 0 2 9 0 61412 245  875 67 64     N INDIAN O
 6 0 210 0 615 0 252  893 67 89     N INDIAN O
 6 2 3 1 2 61012 190  708999-99     N INDIAN O
 6 2 3 2 2 611 0 192  704298 21     N INDIAN O
 6 2 3 3 2 61112 195  700309 24     N INDIAN O
 6 2 3 4 2 612 0 196  698298 11     N INDIAN O
 6 2 3 5 2 61212 199  694309 24     N INDIAN O
 6 2 3 6 2 613 0 203  688305 34     N INDIAN O
 6 2 3 7 2 61312 211  679314 58     N INDIAN O
 6 2 3 8 2 614 0 220  672324 56     N INDIAN O
 6 2 3 9 2 61412 225  667317 34     N INDIAN O
 6 2 310 2 615 0 235  663340 53     N INDIAN O
 6 2 311 2 61512 242  659332 39     N INDIAN O
 6 2 312 2 616 0 249  662 21 38     N INDIAN O
 6 3 2 1 3 62412 216  885999-99     N INDIAN O
 6 3 2 2 3 625 0 217  880282 24     N INDIAN O
 6 3 2 3 3 62512 222  868294 61     N INDIAN O
 6 3 2 4 3 626 0 227  854291 69     N INDIAN O
 6 3 3 1 3 61112 126  720999-99     N INDIAN O
 6 3 3 2 3 612 0 135  719354 45     N INDIAN O
 6 3 3 3 3 61212 149  718356 70     N INDIAN O
 6 3 3 4 3 613 0 161  713338 65     N INDIAN O
 6 3 3 5 3 61312 172  707332 62     N INDIAN O
 6 3 3 6 3 614 0 183  700329 64     N INDIAN O
 6 3 3 7 3 61412 195  690322 77     N INDIAN O
 6 3 3 8 3 615 0 208  680324 80     N INDIAN O
 6 3 3 9 3 61512 217  665303 83     N INDIAN O
 6 3 310 3 616 0 222  641283114     N INDIAN O
 6 3 311 3 61612 222  628270 60     N INDIAN O
 6 3 312 3 617 0 221  617264 51     N INDIAN O
 6 4 2 1 4 6 912 210  887999-99     N INDIAN O
 6 4 2 2 4 610 0 215  889 20 27     N INDIAN O
 6 4 2 3 4 61012 221  892 25 33     N INDIAN O
 6 4 2 4 4 611 0 232  898 27 62     N INDIAN O
 6 4 2 5 4 61112 242  901 15 52     N INDIAN O
 6 4 2 6 4 612 0 250  906 30 46     N INDIAN O
 6 5 1 1 5 62912 205  880999-99     N INDIAN O
 6 5 1 2 5 630 0 206  872278 38     N INDIAN O
 6 5 1 3 5 63012 209  848278113     N INDIAN O
 6 5 1 4 5 7 1 0 218  824292121     N INDIAN O
 6 5 1 5 5 7 112 229  811313 82     N INDIAN O
 6 5 1 6 5 7 2 0 240  805333 62     N INDIAN O
 6 5 1 7 5 7 212 256  803354 81     N INDIAN O
 6 5 1 8 5 7 3 0 270  805  7 71     N INDIAN O
 6 6 2 1 6 61712 191  865999-99     N INDIAN O
 6 6 2 2 6 618 0 192  859280 29     N INDIAN O
 6 6 2 3 6 61812 196  842284 83     N INDIAN O
 6 6 2 4 6 619 0 206  825302 94     N INDIAN O
 6 6 2 5 6 61912 213  814304 63     N INDIAN O
 6 6 2 6 6 620 0 221  805314 58     N INDIAN O
 6 6 2 7 6 62012 231  788303 93     N INDIAN O
 6 6 2 8 6 621 0 237  777301 58     N INDIAN O
 6 6 2 9 6 62112 245  735282196     N INDIAN O
 6 6 210 6 622 0 244  698268168     N INDIAN O
 6 6 211 6 62212 242  679263 88     N INDIAN O
 6 6 212 6 623 0 240  667260 56     N INDIAN O
 6 7 3 1 7 6 312 192  672999-99     N INDIAN O
 6 7 3 2 7 6 4 0 200  670347 41     N INDIAN O
 6 7 3 3 7 6 412 211  665337 60     N INDIAN O
 6 7 3 4 7 6 5 0 220  663348 46     N INDIAN O
 6 7 3 5 7 6 512 232  661351 61     N INDIAN O
 6 7 3 6 7 6 6 0 245  661360 65     N INDIAN O
 6 7 4 1 7 61712 205  677999-99     N INDIAN O
 6 7 4 2 7 618 0 208  670295 36     N INDIAN O
 6 7 4 3 7 61812 212  661296 47     N INDIAN O
 6 7 4 4 7 619 0 218  657328 35     N INDIAN O
 6 7 4 5 7 61912 226  661 25 44     N INDIAN O
 6 7 4 6 7 620 0 233  665 28 39     N INDIAN O
 6 7 5 1 7 61212 151  856999-99     N INDIAN O
 6 7 5 2 7 613 0 156  852322 32     N INDIAN O
 6 7 5 3 7 61312 162  848327 36     N INDIAN O
 6 7 5 4 7 614 0 168  845334 33     N INDIAN O
 6 7 5 5 7 61412 171  845360 15     N INDIAN O
 6 7 5 6 7 615 0 176  845360 25     N INDIAN O
 6 7 5 7 7 61512 181  849 37 32     N INDIAN O
 6 7 5 8 7 616 0 187  855 44 42     N INDIAN O
 6 7 5 9 7 61612 191  864 65 47     N INDIAN O
 6 7 510 7 617 0 198  873 51 55     N INDIAN O
 6 7 511 7 61712 204  885 62 64     N INDIAN O
 6 7 512 7 618 0 215  889 19 58     N INDIAN O
 6 7 513 7 61812 225  883331 58     N INDIAN O
 6 7 514 7 619 0 232  872305 62     N INDIAN O
 6 7 515 7 61912 236  864299 42     N INDIAN O
 6 7 516 7 620 0 238  858290 29     N INDIAN O
 6 7 6 1 7 62212 201  905999-99     N INDIAN O
 6 7 6 2 7 623 0 205  900311 31     N INDIAN O
 6 7 6 3 7 62312 209  898335 22     N INDIAN O
 6 7 6 4 7 624 0 213  896335 22     N INDIAN O
 6 7 6 5 7 62412 226  889334 73     N INDIAN O
 6 7 6 6 7 625 0 233  879307 58     N INDIAN O
 6 7 6 7 7 62512 232  861267 83     N INDIAN O
 6 7 6 8 7 626 0 227  846250 73     N INDIAN O
 6 8 1 1 8 61512 206  879999-99     N INDIAN O
 6 8 1 2 8 616 0 207  885 80 29     N INDIAN O
 6 8 1 3 8 61612 207  885  0  0     N INDIAN O
 6 8 1 4 8 617 0 207  885  0  0     N INDIAN O
 6 8 1 5 8 61712 214  894 50 55     N INDIAN O
 6 8 1 6 8 618 0 227  896  8 66     N INDIAN O
 6 8 1 7 8 61812 233  896360 30     N INDIAN O
 6 8 1 8 8 619 0 241  895354 40     N INDIAN O
 6 8 1 9 8 61912 241  895  0  0     N INDIAN O
 6 8 110 8 620 0 241  895  0  0     N INDIAN O
 6 8 111 8 62012 245  893336 22     N INDIAN O
 6 8 112 8 621 0 245  888270 23     N INDIAN O
 6 8 113 8 62112 244  885250 14     N INDIAN O
 6 8 114 8 622 0 242  880246 25     N INDIAN O
 611 3 111 6 812 177  898999-99     N INDIAN O
 611 3 211 6 9 0 179  892289 30     N INDIAN O
 611 3 311 6 912 185  877293 78     N INDIAN O
 611 3 411 610 0 193  864303 73     N INDIAN O
 611 3 511 61012 198  852294 62     N INDIAN O
 611 3 611 611 0 207  843317 62     N INDIAN O
 611 3 711 61112 220  832322 83     N INDIAN O
 611 3 811 612 0 237  829351 86     N INDIAN O
 611 3 911 61212 243  835 42 41     N INDIAN O
 611 31011 613 0 242  845 96 46     N INDIAN O
 611 31111 61312 236  860114 75     N INDIAN O
 611 31211 614 0 233  875102 71     N INDIAN O
 611 31311 61412 233  885 90 46     N INDIAN O
 611 31411 615 0 236  895 72 48     N INDIAN O
 611 4 111 61712 205  884999-99     N INDIAN O
 611 4 211 618 0 210  880323 31     N INDIAN O
 611 4 311 61812 215  875317 34     N INDIAN O
 611 4 411 619 0 220  870317 34     N INDIAN O
 611 4 511 61912 225  863308 41     N INDIAN O
 611 4 611 620 0 230  855304 44     N INDIAN O
 611 4 711 62012 230  855  0  0     N INDIAN O
 611 4 811 621 0 230  855  0  0     N INDIAN O
 611 4 911 62112 237  848317 48     N INDIAN O
 611 41011 622 0 240  860 75 57     N INDIAN O
 614 2 114 6 112 181  879999-99     N INDIAN O
 614 2 214 6 2 0 185  886 59 39     N INDIAN O
 614 2 314 6 212 193  906 67103     N INDIAN O
 614 2 414 6 3 0 202  929 67118     N INDIAN O
 614 3 114 62312 193  872999-99     N INDIAN O
 614 3 214 624 0 192  865261 33     N INDIAN O
 614 3 314 62412 194  841275113     N INDIAN O
 614 3 414 625 0 196  826278 72     N INDIAN O
 614 3 514 62512 199  815286 54     N INDIAN O
 614 3 614 626 0 201  806283 43     N INDIAN O
 614 3 714 62612 207  789291 85     N INDIAN O
 614 3 814 627 0 212  774290 74     N INDIAN O
 614 3 914 62712 226  741295168     N INDIAN O
 614 31014 628 0 243  705297186     N INDIAN O
 615 1 115 62212 168  881999-99     N INDIAN O
 615 1 215 623 0 169  875280 29     N INDIAN O
 615 1 315 62312 171  860278 73     N INDIAN O
 615 1 415 624 0 176  847292 67     N INDIAN O
 615 1 515 62412 189  822299135     N INDIAN O
 615 1 615 625 0 206  806319113     N INDIAN O
 615 1 715 62512 221  794323 93     N INDIAN O
 615 1 815 626 0 236  785331 86     N INDIAN O
 616 3 116 6 312 185  911999-99     N INDIAN O
 616 3 216 6 4 0 191  909343 31     N INDIAN O
 616 3 316 6 412 212  902343110     N INDIAN O
 616 3 416 6 5 0 227  893331 86     N INDIAN O
 616 3 516 6 512 238  880313 81     N INDIAN O
 616 3 616 6 6 0 245  863294 85     N INDIAN O
 616 4 116 61012 212  882999-99     N INDIAN O
 616 4 216 611 0 215  881343 16     N INDIAN O
 616 4 316 61112 215  881  0  0     N INDIAN O
 616 4 416 612 0 215  881  0  0     N INDIAN O
 616 4 516 61212 220  880350 26     N INDIAN O
 616 4 616 613 0 225  876324 31     N INDIAN O
 616 4 716 61312 224  865264 51     N INDIAN O
 616 4 816 614 0 222  855258 48     N INDIAN O
 616 4 916 61412 225  834279 98     N INDIAN O
 616 41016 615 0 230  819290 73     N INDIAN O
 616 41116 61512 240  792292133     N INDIAN O
 616 41216 616 0 250  770297112     N INDIAN O
 617 2 117 61312 190  678999-99     N INDIAN O
 617 2 217 614 0 196  674328 35     N INDIAN O
 617 2 317 61412 210  659315 99     N INDIAN O
 617 2 417 615 0 223  641308106     N INDIAN O
 617 3 117 62512 197  885999-99     N INDIAN O
 617 3 217 626 0 199  880293 26     N INDIAN O
 617 3 317 62612 199  880  0  0     N INDIAN O
 617 3 417 627 0 199  880  0  0     N INDIAN O
 617 3 517 62712 201  875293 26     N INDIAN O
 617 3 617 628 0 204  870303 28     N INDIAN O
 617 3 717 62812 216  840293153     N INDIAN O
 617 3 817 629 0 230  809296159     N INDIAN O
 617 3 917 62912 239  796307 75     N INDIAN O
 617 31017 630 0 250  790334 62     N INDIAN O
 617 4 117 61212 217  899999-99     N INDIAN O
 617 4 217 613 0 220  890290 44     N INDIAN O
 617 4 317 61312 224  879291 55     N INDIAN O
 617 4 417 614 0 229  865291 69     N INDIAN O
 617 4 517 61412 235  845288 97     N INDIAN O
 617 4 617 615 0 245  819293129     N INDIAN O
 617 4 717 61512 252  798290102     N INDIAN O
 617 4 817 616 0 260  775291111     N INDIAN O
 618 3 118 61312 212  879999-99     N INDIAN O
 618 3 218 614 0 214  875298 21     N INDIAN O
 618 3 318 61412 214  875  0  0     N INDIAN O
 618 3 418 615 0 214  875  0  0     N INDIAN O
 618 3 518 61512 219  855285 96     N INDIAN O
 618 3 618 616 0 220  840274 70     N INDIAN O
 618 3 718 61612 220  840  0  0     N INDIAN O
 618 3 818 617 0 220  840  0  0     N INDIAN O
 618 3 918 61712 227  823294 86     N INDIAN O
 618 31018 618 0 239  819343 63     N INDIAN O
 620 2 120 61912 197  875999-99     N INDIAN O
 620 2 220 620 0 196  870258 24     N INDIAN O
 620 2 320 62012 196  860270 48     N INDIAN O
 620 2 420 621 0 200  850293 51     N INDIAN O
 620 2 520 62112 218  838328106     N INDIAN O
 620 2 620 622 0 234  825323100     N INDIAN O
 620 2 720 62212 244  814315 71     N INDIAN O
 620 2 820 623 0 253  805318 61     N INDIAN O
 620 2 920 62312 267  792320 91     N INDIAN O
 620 21020 624 0 280  780321 84     N INDIAN O
 620 3 120 6 512 136  700999-99     N INDIAN O
 620 3 220 6 6 0 143  694320 46     N INDIAN O
 620 3 320 6 612 150  689325 43     N INDIAN O
 620 3 420 6 7 0 158  684329 47     N INDIAN O
 620 3 520 6 712 165  682345 37     N INDIAN O
 620 3 620 6 8 0 172  681352 35     N INDIAN O
 620 3 720 6 812 179  681360 35     N INDIAN O
 620 3 820 6 9 0 188  682  6 45     N INDIAN O
 620 3 920 6 912 193  685 30 28     N INDIAN O
 620 31020 610 0 200  688 22 38     N INDIAN O
 620 31120 61012 203  692 51 24     N INDIAN O
 620 31220 611 0 207  696 43 28     N INDIAN O
 620 31320 61112 210  699 43 21     N INDIAN O
 620 31420 612 0 214  703 43 28     N INDIAN O
 620 31520 61212 217  707 51 24     N INDIAN O
 620 31620 613 0 220  712 57 28     N INDIAN O
 620 31720 61312 223  716 51 24     N INDIAN O
 620 31820 614 0 226  722 62 32     N INDIAN O
 624 4 124 61312 177  902999-99     N INDIAN O
 624 4 224 614 0 183  906 32 36     N INDIAN O
 624 4 324 61412 188  909 30 29     N INDIAN O
 624 4 424 615 0 196  914 31 47     N INDIAN O
 624 4 524 61512 206  919 25 55     N INDIAN O
 624 4 624 616 0 218  923 17 63     N INDIAN O
 624 4 724 61612 227  920343 48     N INDIAN O
 624 4 824 617 0 234  912314 51     N INDIAN O
 625 5 125 62312 173  703999-99     N INDIAN O
 625 5 225 624 0 187  716 41 93     N INDIAN O
 625 5 325 62412 205  726 28102     N INDIAN O
 625 5 425 625 0 220  708312113     N INDIAN O
 625 5 525 62512 220  697270 51     N INDIAN O
 625 5 625 626 0 222  687282 48     N INDIAN O
 625 5 725 62612 224  677282 48     N INDIAN O
 625 5 825 627 0 226  669285 38     N INDIAN O
 625 6 125 6 112 182  714999-99     N INDIAN O
 625 6 225 6 2 0 188  712343 31     N INDIAN O
 625 6 325 6 212 188  712  0  0     N INDIAN O
 625 6 425 6 3 0 188  712  0  0     N INDIAN O
 625 6 525 6 312 206  707345 93     N INDIAN O
 625 6 625 6 4 0 223  712 15 88     N INDIAN O
 625 6 725 6 412 226  718 62 32     N INDIAN O
 625 6 825 6 5 0 227  727 83 42     N INDIAN O
 625 6 925 6 512 228  743 86 74     N INDIAN O
 625 61025 6 6 0 232  757 73 68     N INDIAN O
 625 61125 6 612 244  781 61125     N INDIAN O
 625 61225 6 7 0 257  802 56115     N INDIAN O
 625 7 125 62512 195  885999-99     N INDIAN O
 625 7 225 626 0 201  885360 30     N INDIAN O
 625 7 325 62612 205  884347 21     N INDIAN O
 625 7 425 627 0 208  883343 16     N INDIAN O
 625 7 525 62712 216  879335 44     N INDIAN O
 625 7 625 628 0 222  874322 38     N INDIAN O
 625 7 725 62812 222  874  0  0     N INDIAN O
 625 7 825 629 0 222  874  0  0     N INDIAN O
 625 7 925 62912 231  867324 55     N INDIAN O
 625 71025 630 0 241  859324 62     N INDIAN O
 625 71125 63012 248  853322 44     N INDIAN O
 625 71225 7 1 0 253  849324 31     N INDIAN O
 625 71325 7 112 255  843290 29     N INDIAN O
 625 71425 7 2 0 257  839299 21     N INDIAN O
 625 71525 7 212 259  825279 64     N INDIAN O
 625 71625 7 3 0 260  812275 58     N INDIAN O
 627 5 127 61512 180  869999-99     N INDIAN O
 627 5 227 616 0 186  867342 31     N INDIAN O
 627 5 327 61612 191  864330 28     N INDIAN O
 627 5 427 617 0 198  862345 36     N INDIAN O
 627 5 527 61712 210  851319 79     N INDIAN O
 627 5 627 618 0 223  829302121     N INDIAN O
 627 5 727 61812 228  812288 83     N INDIAN O
 627 5 827 619 0 236  795297 88     N INDIAN O
 627 5 927 61912 256  784333112     N INDIAN O
 627 51027 620 0 277  786  5105     N INDIAN O
 628 2 128 6 412 180  890999-99     N INDIAN O
 628 2 228 6 5 0 186  893 25 33     N INDIAN O
 628 2 328 6 512 191  895 21 27     N INDIAN O
 628 2 428 6 6 0 196  899 37 32     N INDIAN O
 628 2 528 6 612 200  906 59 38     N INDIAN O
 628 2 628 6 7 0 206  914 51 48     N INDIAN O
 628 3 128 61412 239  874999-99     N INDIAN O
 628 3 228 615 0 235  878138 27     N INDIAN O
 628 3 328 61512 234  882105 19     N INDIAN O
 628 3 428 616 0 232  889107 33     N INDIAN O
 628 3 528 61612 232  892 90 14     N INDIAN O
 628 3 628 617 0 231  895110 15     N INDIAN O
 628 3 728 61712 226  888232 41     N INDIAN O
 628 3 828 618 0 229  879290 44     N INDIAN O
 628 3 928 61812 232  870290 44     N INDIAN O
 628 31028 619 0 234  862285 38     N INDIAN O
 629 3 129 6 112 166  915999-99     N INDIAN O
 629 3 229 6 2 0 172  914351 30     N INDIAN O
 629 3 329 6 212 182  914360 50     N INDIAN O
 629 3 429 6 3 0 192  914360 50     N INDIAN O
 629 3 529 6 312 212  918 11102     N INDIAN O
 629 3 629 6 4 0 228  925 22 87     N INDIAN O
 629 4 129 61812 182  863999-99     N INDIAN O
 629 4 229 619 0 185  858302 28     N INDIAN O
 629 4 329 61912 189  848293 52     N INDIAN O
 629 4 429 620 0 195  841312 45     N INDIAN O
 629 4 529 62012 207  821303112     N INDIAN O
 629 4 629 621 0 221  804312106     N INDIAN O
 629 4 729 62112 232  793317 75     N INDIAN O
 629 4 829 622 0 242  784321 65     N INDIAN O
 629 4 929 62212 256  798 42 94     N INDIAN O
 629 41029 623 0 260  816 76 83     N INDIAN O
 630 3 130 62712 188  895999-99     N INDIAN O
 630 3 230 628 0 188  885270 47     N INDIAN O
 630 3 330 62812 188  885  0  0     N INDIAN O
 630 3 430 629 0 188  885  0  0     N INDIAN O
 630 3 530 62912 189  878279 33     N INDIAN O
 630 3 630 630 0 191  873293 26     N INDIAN O
 630 3 730 63012 194  869309 24     N INDIAN O
 630 3 830 7 1 0 197  866317 21     N INDIAN O
 630 3 930 7 112 208  860333 62     N INDIAN O
 630 31030 7 2 0 212  849291 55     N INDIAN O
 630 31130 7 212 216  825280113     N INDIAN O
 630 31230 7 3 0 223  807293 91     N INDIAN O
 630 4 130 61912 167  695999-99     N INDIAN O
 630 4 230 620 0 170  694342 16     N INDIAN O
 630 4 330 62012 179  689332 51     N INDIAN O
 630 4 430 621 0 185  684322 38     N INDIAN O
 630 4 530 62112 193  677320 52     N INDIAN O
 630 4 630 622 0 200  670317 48     N INDIAN O
 630 4 730 62212 210  660317 68     N INDIAN O
 630 4 830 623 0 219  649311 68     N INDIAN O
 630 5 130 62612 200  630999-99     N INDIAN O
 630 5 230 627 0 199  640 96 47     N INDIAN O
 630 5 330 62712 199  663 90108     N INDIAN O
 630 5 430 628 0 202  688 83118     N INDIAN O
 630 5 530 62812 215  675317 89     N INDIAN O
 630 5 630 629 0 220  652283110     N INDIAN O
 632 4 132 6 612 194  905999-99     N INDIAN O
 632 4 232 6 7 0 199  900317 34     N INDIAN O
 632 4 332 6 712 202  896309 24     N INDIAN O
 632 4 432 6 8 0 205  895343 16     N INDIAN O
 632 4 532 6 812 212  898 22 38     N INDIAN O
 632 4 632 6 9 0 218  899  9 30     N INDIAN O
 632 4 732 6 912 221  895309 24     N INDIAN O
 632 4 832 610 0 222  889280 28     N INDIAN O
 633 3 133 61312 175  853999-99     N INDIAN O
 633 3 233 614 0 179  860 59 39     N INDIAN O
 633 3 333 61412 189  869 41 66     N INDIAN O
 633 3 433 615 0 200  873 19 58     N INDIAN O
 633 3 533 61512 210  866327 60     N INDIAN O
 633 3 633 616 0 217  859317 48     N INDIAN O
 634 4 134 62912 208  891999-99     N INDIAN O
 634 4 234 630 0 208  886270 23     N INDIAN O
 634 4 334 63012 208  886  0  0     N INDIAN O
 634 4 434 7 1 0 208  886  0  0     N INDIAN O
 634 4 534 7 112 210  876282 48     N INDIAN O
 634 4 634 7 2 0 213  870298 32     N INDIAN O
 634 4 734 7 212 216  845277118     N INDIAN O
 634 4 834 7 3 0 219  818277127     N INDIAN O
 634 4 934 7 312 228  810321 58     N INDIAN O
 634 41034 7 4 0 239  806342 58     N INDIAN O
 634 5 134 61012 145  722999-99     N INDIAN O
 634 5 234 611 0 149  718316 28     N INDIAN O
 634 5 334 61112 158  702300 89     N INDIAN O
 634 5 434 612 0 168  708 30 58     N INDIAN O
 634 5 534 61212 172  708360 20     N INDIAN O
 634 5 634 613 0 178  708360 30     N INDIAN O
 635 3 135 61612 169  716999-99     N INDIAN O
 635 3 235 617 0 176  717  8 35     N INDIAN O
 635 3 335 61712 185  718  6 45     N INDIAN O
 635 3 435 618 0 198  719  4 65     N INDIAN O
 636 4 136 61012 189  894999-99     N INDIAN O
 636 4 236 611 0 195  889322 38     N INDIAN O
 636 4 336 61112 198  885309 24     N INDIAN O
 636 4 436 612 0 203  879312 38     N INDIAN O
 636 4 536 61212 206  876317 21     N INDIAN O
 636 4 636 613 0 209  871303 28     N INDIAN O
 636 4 736 61312 211  860281 53     N INDIAN O
 636 4 836 614 0 211  848270 56     N INDIAN O
 636 4 936 61412 215  835288 64     N INDIAN O
 636 41036 615 0 219  825293 51     N INDIAN O
 636 41136 61512 222  810282 71     N INDIAN O
 636 41236 616 0 224  800282 48     N INDIAN O
 636 5 136 62712 222  777999-99     N INDIAN O
 636 5 236 628 0 228  773328 35     N INDIAN O
 636 5 336 62812 239  761315 78     N INDIAN O
 636 5 436 629 0 247  745299 83     N INDIAN O
 636 5 536 62912 246  730266 68     N INDIAN O
 636 5 636 630 0 246  720270 46     N INDIAN O
 636 5 736 63012 246  705270 68     N INDIAN O
 636 5 836 7 1 0 246  691270 63     N INDIAN O
 636 5 936 7 112 247  675274 73     N INDIAN O
 636 51036 7 2 0 248  662275 59     N INDIAN O
 637 3 137 61312 185  704999-99     N INDIAN O
 637 3 237 614 0 191  700328 36     N INDIAN O
 637 3 337 61412 201  691320 66     N INDIAN O
 637 3 437 615 0 211  680314 72     N INDIAN O
 637 4 137 61912 208  893999-99     N INDIAN O
 637 4 237 620 0 208  897 90 19     N INDIAN O
 637 4 337 62012 208  897  0  0     N INDIAN O
 637 4 437 621 0 208  897  0  0     N INDIAN O
 637 4 537 62112 208  897  0  0     N INDIAN O
 637 4 637 622 0 208  897  0  0     N INDIAN O
 637 4 737 62212 209  905 82 38     N INDIAN O
 637 4 837 623 0 212  911 62 32     N INDIAN O
 637 4 937 62312 215  915 51 24     N INDIAN O
 637 41037 624 0 220  918 29 28     N INDIAN O
 637 41137 62412 230  918360 50     N INDIAN O
 637 41237 625 0 232  902278 74     N INDIAN O
 637 41337 62512 232  902  0  0     N INDIAN O
 637 41437 626 0 232  902  0  0     N INDIAN O
 637 41537 62612 232  902  0  0     N INDIAN O
 637 41637 627 0 232  902  0  0     N INDIAN O
 637 41737 62712 228  870262148     N INDIAN O
 637 41837 628 0 230  839274143     N INDIAN O
 637 41937 62812 235  815283113     N INDIAN O
 637 42037 629 0 239  795282 93     N INDIAN O
 639 3 139 62212 222  879999-99     N INDIAN O
 639 3 239 623 0 226  874311 31     N INDIAN O
 639 3 339 62312 230  863292 54     N INDIAN O
 639 3 439 624 0 235  850293 65     N INDIAN O
 639 3 539 62412 241  839301 58     N INDIAN O
 639 3 639 625 0 249  830314 58     N INDIAN O
 640 2 140 62912 205  889999-99     N INDIAN O
 640 2 240 630 0 211  889360 30     N INDIAN O
 640 2 340 63012 221  885340 53     N INDIAN O
 640 2 440 7 1 0 226  878308 41     N INDIAN O
 640 2 540 7 112 231  862289 78     N INDIAN O
 640 2 640 7 2 0 233  844277 83     N INDIAN O
 640 2 740 7 212 232  828266 73     N INDIAN O
 640 2 840 7 3 0 231  812266 73     N INDIAN O
 640 3 140 62312 193  875999-99     N INDIAN O
 640 3 240 624 0 200  869321 45     N INDIAN O
 640 3 340 62412 200  869  0  0     N INDIAN O
 640 3 440 625 0 200  869  0  0     N INDIAN O
 640 3 540 62512 207  845287118     N INDIAN O
 640 3 640 626 0 212  821283115     N INDIAN O
 641 3 141 53112 161  842999-99     N INDIAN O
 641 3 241 6 1 0 169  839340 43     N INDIAN O
 641 3 341 6 112 173  839360 20     N INDIAN O
 641 3 441 6 2 0 175  841 44 14     N INDIAN O
 641 4 141 6 4 0 205  885999-99     N INDIAN O
 641 4 241 6 412 212  904 69 96     N INDIAN O
 641 4 341 6 5 0 221  919 57 83     N INDIAN O
 641 5 141 61412 212  890999-99     N INDIAN O
 641 5 241 615 0 220  901 52 65     N INDIAN O
 641 5 341 61512 226  904 25 33     N INDIAN O
 641 5 441 616 0 236  905  5 50     N INDIAN O
 641 5 541 61612 242  904351 30     N INDIAN O
 641 5 641 617 0 249  903353 35     N INDIAN O
 641 6 141 62712 211  905999-99     N INDIAN O
 641 6 241 628 0 210  898261 33     N INDIAN O
 641 6 341 62812 209  893258 24     N INDIAN O
 641 6 441 629 0 208  889255 19     N INDIAN O
 641 6 541 62912 207  881262 38     N INDIAN O
 641 6 641 630 0 206  871264 47     N INDIAN O
 641 6 741 63012 208  836274164     N INDIAN O
 641 6 841 7 1 0 219  808293142     N INDIAN O
 641 6 941 7 112 224  804324 31     N INDIAN O
 641 61041 7 2 0 229  801331 28     N INDIAN O
 641 61141 7 212 234  799340 27     N INDIAN O
 641 61241 7 3 0 237  796318 20     N INDIAN O
 641 61341 7 312 243  783297 67     N INDIAN O
 641 61441 7 4 0 248  768290 73     N INDIAN O
 641 7 141 6 312 200  879999-99     N INDIAN O
 641 7 241 6 4 0 202  884 67 26     N INDIAN O
 641 7 341 6 412 209  904 70100     N INDIAN O
 641 7 441 6 5 0 220  920 54 93     N INDIAN O
 642 3 142 6 212 153  914999-99     N INDIAN O
 642 3 242 6 3 0 160  910331 40     N INDIAN O
 642 3 342 6 312 169  902320 59     N INDIAN O
 642 3 442 6 4 0 179  898339 53     N INDIAN O
 644 3 144 61412 201  902999-99     N INDIAN O
 644 3 244 615 0 217  908 19 85     N INDIAN O
 644 3 344 61512 235  917 25 99     N INDIAN O
 644 3 444 616 0 250  928 34 90     N INDIAN O
 644 4 144 61312 161  699999-99     N INDIAN O
 644 4 244 614 0 168  702 22 38     N INDIAN O
 644 4 344 61412 186  708 18 94     N INDIAN O
 644 4 444 615 0 202  711 10 81     N INDIAN O
 644 4 544 61512 213  712  5 55     N INDIAN O
 644 4 644 616 0 221  714 13 41     N INDIAN O
 644 4 744 61612 235  733 51113     N INDIAN O
 644 4 844 617 0 241  762 77136     N INDIAN O
 645 2 145 62512 229  849999-99     N INDIAN O
 645 2 245 626 0 230  842279 33     N INDIAN O
 645 2 345 62612 231  836280 28     N INDIAN O
 645 2 445 627 0 232  831282 23     N INDIAN O
 645 2 545 62712 234  825290 29     N INDIAN O
 645 2 645 628 0 237  800278116     N INDIAN O
 645 2 745 62812 241  781283 89     N INDIAN O
 645 2 845 629 0 249  762295 95     N INDIAN O
 645 2 945 62912 253  751292 53     N INDIAN O
 645 21045 630 0 258  739295 60     N INDIAN O
 646 1 146 6 112 109  713999-99     N INDIAN O
 646 1 246 6 2 0 114  710330 29     N INDIAN O
 646 1 346 6 212 130  699326 97     N INDIAN O
 646 1 446 6 3 0 147  686323106     N INDIAN O
 646 1 546 6 312 158  673311 83     N INDIAN O
 646 1 646 6 4 0 170  660314 87     N INDIAN O
 646 1 746 6 412 180  640298108     N INDIAN O
 646 1 846 6 5 0 187  621291 97     N INDIAN O
 646 1 946 6 512 191  612295 47     N INDIAN O
 646 11046 6 6 0 194  603289 45     N INDIAN O
 647 4 147 62312 185  903999-99     N INDIAN O
 647 4 247 624 0 190  900330 29     N INDIAN O
 647 4 347 62412 192  899335 11     N INDIAN O
 647 4 447 625 0 195  897328 18     N INDIAN O
 647 4 547 62512 197  893298 22     N INDIAN O
 647 4 647 626 0 200  890317 21     N INDIAN O
 647 4 747 62612 204  885310 31     N INDIAN O
 647 4 847 627 0 208  877298 43     N INDIAN O
 647 4 947 62712 213  849281133     N INDIAN O
 647 41047 628 0 222  827294112     N INDIAN O
 647 41147 62812 231  814307 75     N INDIAN O
 647 41247 629 0 240  806321 58     N INDIAN O
 648 4 148 62312 205  891999-99     N INDIAN O
 648 4 248 624 0 208  889328 18     N INDIAN O
 648 4 348 62412 214  885328 35     N INDIAN O
 648 4 448 625 0 218  882325 24     N INDIAN O
 648 4 548 62512 230  872322 76     N INDIAN O
 648 4 648 626 0 239  858305 78     N INDIAN O
 648 4 748 62612 240  853282 23     N INDIAN O
 648 4 848 627 0 241  849285 19     N INDIAN O
 648 5 148 61112 154  718999-99     N INDIAN O
 648 5 248 612 0 159  720 21 27     N INDIAN O
 648 5 348 61212 170  724 19 58     N INDIAN O
 648 5 448 613 0 180  730 30 58     N INDIAN O
 648 6 148 6 412 172  630999-99     N INDIAN O
 648 6 248 6 5 0 180  630360 40     N INDIAN O
 648 6 348 6 512 187  630360 35     N INDIAN O
 648 6 448 6 6 0 195  630360 40     N INDIAN O
 648 6 548 6 612 206  630360 55     N INDIAN O
 648 6 648 6 7 0 220  630360 70     N INDIAN O
 648 6 748 6 712 234  629356 70     N INDIAN O
 648 6 848 6 8 0 250  629360 80     N INDIAN O
 648 6 948 6 812 262  642 44 84     N INDIAN O
 648 61048 6 9 0 270  660 64 90     N INDIAN O
 649 5 149 6 712 199  883999-99     N INDIAN O
 649 5 249 6 8 0 203  875298 43     N INDIAN O
 649 5 349 6 812 207  868301 38     N INDIAN O
 649 5 449 6 9 0 212  862312 38     N INDIAN O
 649 5 549 6 912 212  862  0  0     N INDIAN O
 649 5 649 610 0 212  862  0  0     N INDIAN O
 649 5 749 61012 212  862  0  0     N INDIAN O
 649 5 849 611 0 212  862  0  0     N INDIAN O
 649 5 949 61112 212  862  0  0     N INDIAN O
 649 51049 612 0 212  862  0  0     N INDIAN O
 649 51149 61212 212  862  0  0     N INDIAN O
 649 51249 613 0 212  862  0  0     N INDIAN O
 649 51349 61312 227  863  4 75     N INDIAN O
 649 51449 614 0 241  871 28 79     N INDIAN O
 650 3 150 6 812 189  910999-99     N INDIAN O
 650 3 250 6 9 0 193  905310 31     N INDIAN O
 650 3 350 6 912 202  892306 76     N INDIAN O
 650 3 450 610 0 211  885324 56     N INDIAN O
 650 3 550 61012 223  875322 76     N INDIAN O
 650 3 650 611 0 229  861295 71     N INDIAN O
 650 3 750 61112 235  853309 48     N INDIAN O
 650 3 850 612 0 240  850331 28     N INDIAN O
 650 4 150 62212 202  892999-99     N INDIAN O
 650 4 250 623 0 205  886298 32     N INDIAN O
 650 4 350 62312 216  879329 64     N INDIAN O
 650 4 450 624 0 227  871326 67     N INDIAN O
 650 4 550 62412 236  867338 48     N INDIAN O
 650 4 650 625 0 244  859318 54     N INDIAN O
 650 4 750 62512 246  852287 33     N INDIAN O
 650 4 850 626 0 248  847294 25     N INDIAN O
 651 2 151 61012 180  683999-99     N INDIAN O
 651 2 251 611 0 189  680343 47     N INDIAN O
 651 2 351 61112 200  675337 60     N INDIAN O
 651 2 451 612 0 210  670335 55     N INDIAN O
 651 3 151 6 312 178  884999-99     N INDIAN O
 651 3 251 6 4 0 177  879258 24     N INDIAN O
 651 3 351 6 412 176  869264 48     N INDIAN O
 651 3 451 6 5 0 184  863325 49     N INDIAN O
 652 3 152 62312 208  899999-99     N INDIAN O
 652 3 252 624 0 212  891298 42     N INDIAN O
 652 3 352 62412 214  887298 21     N INDIAN O
 652 3 452 625 0 216  884306 18     N INDIAN O
 652 3 552 62512 220  875296 47     N INDIAN O
 652 3 652 626 0 226  867309 48     N INDIAN O
 652 3 752 62612 235  850300 90     N INDIAN O
 652 3 852 627 0 247  844336 66     N INDIAN O
 653 3 153 61512 169  864999-99     N INDIAN O
 653 3 253 616 0 174  866 21 27     N INDIAN O
 653 3 353 61612 174  866  0  0     N INDIAN O
 653 3 453 617 0 174  866  0  0     N INDIAN O
 653 3 553 61712 185  867  5 55     N INDIAN O
 653 3 653 618 0 193  864341 43     N INDIAN O
 653 3 753 61812 196  862328 18     N INDIAN O
 653 3 853 619 0 197  858285 19     N INDIAN O
 653 3 953 61912 190  845240 71     N INDIAN O
 653 31053 620 0 201  833314 79     N INDIAN O
 654 2 154 6 812 192  704999-99     N INDIAN O
 654 2 254 6 9 0 199  696313 51     N INDIAN O
 654 2 354 6 912 206  694345 36     N INDIAN O
 654 2 454 610 0 214  694360 40     N INDIAN O
 655 3 155 62312 172  869999-99     N INDIAN O
 655 3 255 624 0 178  866335 33     N INDIAN O
 655 3 355 62412 184  863335 33     N INDIAN O
 655 3 455 625 0 188  862347 21     N INDIAN O
 655 4 155 62612 199  898999-99     N INDIAN O
 655 4 255 627 0 203  883286 73     N INDIAN O
 655 4 355 62712 209  877317 41     N INDIAN O
 655 4 455 628 0 214  861289 78     N INDIAN O
 656 5 156 62412 165  861999-99     N INDIAN O
 656 5 256 625 0 174  851313 66     N INDIAN O
 656 5 356 62512 193  825308156     N INDIAN O
 656 5 456 626 0 204  795291152     N INDIAN O
 656 6 156 62512 199  701999-99     N INDIAN O
 656 6 256 626 0 202  698317 21     N INDIAN O
 656 6 356 62612 213  687317 75     N INDIAN O
 656 6 456 627 0 222  677314 65     N INDIAN O
 659 2 159 62212 103  852999-99     N INDIAN O
 659 2 259 623 0 108  850339 27     N INDIAN O
 659 2 359 62312 131  835328137     N INDIAN O
 659 2 459 624 0 149  819319119     N INDIAN O
 659 3 159 62712 175  893999-99     N INDIAN O
 659 3 259 628 0 179  890325 25     N INDIAN O
 659 3 359 62812 191  881325 73     N INDIAN O
 659 3 459 629 0 199  870308 66     N INDIAN O
 659 3 559 62912 206  843285132     N INDIAN O
 659 3 659 630 0 213  815285135     N INDIAN O
 659 3 759 63012 225  779290178     N INDIAN O
 659 3 859 7 1 0 235  745288164     N INDIAN O
 659 3 959 7 112 238  711276157     N INDIAN O
 659 31059 7 2 0 240  680274142     N INDIAN O
 659 31159 7 212 242  677306 17     N INDIAN O
 659 31259 7 3 0 245  675329 18     N INDIAN O
 659 4 159 62412 182  714999-99     N INDIAN O
 659 4 259 625 0 185  710308 24     N INDIAN O
 659 4 359 62512 195  696307 83     N INDIAN O
 659 4 459 626 0 205  690331 58     N INDIAN O
 659 4 559 62612 218  683333 73     N INDIAN O
 659 4 659 627 0 230  674325 73     N INDIAN O
 659 4 759 62712 230  674  0  0     N INDIAN O
 659 4 859 628 0 230  674  0  0     N INDIAN O
 659 4 959 62812 233  651278107     N INDIAN O
 659 41059 629 0 224  630245107     N INDIAN O
 660 3 160 62912 199  891999-99     N INDIAN O
 660 3 260 630 0 199  886270 24     N INDIAN O
 660 3 360 63012 199  886  0  0     N INDIAN O
 660 3 460 7 1 0 199  886  0  0     N INDIAN O
 660 3 560 7 112 200  876276 48     N INDIAN O
 660 3 660 7 2 0 202  866282 48     N INDIAN O
 660 3 760 7 212 215  843301126     N INDIAN O
 660 3 860 7 3 0 229  820303128     N INDIAN O
 661 6 161 6 712 206  905999-99     N INDIAN O
 661 6 261 6 8 0 210  900311 31     N INDIAN O
 661 6 361 6 812 216  891306 52     N INDIAN O
 661 6 461 6 9 0 221  880296 57     N INDIAN O
 661 6 561 6 912 226  865290 73     N INDIAN O
 661 6 661 610 0 227  856277 42     N INDIAN O
 661 6 761 61012 230  840282 75     N INDIAN O
 661 6 861 611 0 236  837335 33     N INDIAN O
 661 6 961 61112 240  840 35 24     N INDIAN O
 661 61061 612 0 244  843 34 24     N INDIAN O
 661 61161 61212 247  847 51 23     N INDIAN O
 661 61261 613 0 251  853 54 34     N INDIAN O
 661 61361 61312 254  867 77 65     N INDIAN O
 661 61461 614 0 256  878 79 51     N INDIAN O
 661 7 161 62612 171  925999-99     N INDIAN O
 661 7 261 627 0 174  924342 16     N INDIAN O
 661 7 361 62712 187  915327 78     N INDIAN O
 661 7 461 628 0 200  905324 80     N INDIAN O
 661 7 561 62812 219  879308154     N INDIAN O
 661 8 161 62012 187  716999-99     N INDIAN O
 661 8 261 621 0 190  710298 32     N INDIAN O
 661 8 361 62112 195  700298 53     N INDIAN O
 661 8 461 622 0 202  691310 55     N INDIAN O
 661 8 561 62212 209  683313 52     N INDIAN O
 661 8 661 623 0 216  680338 38     N INDIAN O
 661 8 761 62312 233  682  6 86     N INDIAN O
 661 8 861 624 0 240  695 60 69     N INDIAN O
 661 8 961 62412 250  710 54 85     N INDIAN O
 661 81061 625 0 256  722 61 62     N INDIAN O
 661 81161 62512 261  728 47 37     N INDIAN O
 661 81261 626 0 266  732 36 31     N INDIAN O
 661 81361 62612 273  723311 53     N INDIAN O
 661 81461 627 0 279  715310 47     N INDIAN O
 662 4 162 6 512 187  879999-99     N INDIAN O
 662 4 262 6 6 0 190  879360 15     N INDIAN O
 662 4 362 6 612 206  880  3 80     N INDIAN O
 662 4 462 6 7 0 215  883 17 48     N INDIAN O
 662 4 562 6 712 222  885 15 36     N INDIAN O
 662 4 662 6 8 0 230  887 13 41     N INDIAN O
 663 4 163 62212 142  963999-99     N INDIAN O
 663 4 263 623 0 143  960289 15     N INDIAN O
 663 4 363 62312 148  954311 38     N INDIAN O
 663 4 463 624 0 150  950297 22     N INDIAN O
 663 4 563 62412 157  938301 68     N INDIAN O
 663 4 663 625 0 165  926305 70     N INDIAN O
 663 4 763 62512 179  894295168     N INDIAN O
 663 4 863 626 0 192  860292174     N INDIAN O
 663 4 963 62612 195  838278105     N INDIAN O
 663 5 163 6 512 196  880999-99     N INDIAN O
 663 5 263 6 6 0 200  881 13 21     N INDIAN O
 663 5 363 6 612 215  885 14 78     N INDIAN O
 663 5 463 6 7 0 227  891 25 66     N INDIAN O
 663 5 563 6 712 247  899 20107     N INDIAN O
 663 5 663 6 8 0 250  901 31 18     N INDIAN O
 664 2 164 6 812 164  711999-99     N INDIAN O
 664 2 264 6 9 0 170  709342 31     N INDIAN O
 664 2 364 6 912 179  707348 46     N INDIAN O
 664 2 464 610 0 186  705345 37     N INDIAN O
 664 2 564 61012 199  699337 71     N INDIAN O
 664 2 664 611 0 210  692329 64     N INDIAN O
 664 2 764 61112 220  683320 65     N INDIAN O
 664 2 864 612 0 230  684  5 50     N INDIAN O
 664 2 964 61212 245  695 34 90     N INDIAN O
 664 21064 613 0 256  704 37 68     N INDIAN O
 664 21164 61312 267  717 47 80     N INDIAN O
 666 3 166 6 2 0 150  880999-99     N INDIAN O
 666 3 266 6 212 153  873294 37     N INDIAN O
 666 3 366 6 3 0 171  849308146     N INDIAN O
 666 3 466 6 312 184  836316 90     N INDIAN O
 666 4 166 628 0 214  883999-99     N INDIAN O
 666 4 266 62812 233  883360 95     N INDIAN O
 666 4 366 629 0 243  878335 55     N INDIAN O
 666 5 166 61512 206  905999-99     N INDIAN O
 666 5 266 616 0 209  898295 36     N INDIAN O
 666 5 366 61612 220  892333 62     N INDIAN O
 666 5 466 617 0 230  898 29 58     N INDIAN O
 666 5 566 61712 236  909 59 59     N INDIAN O
 666 5 666 618 0 248  923 47 88     N INDIAN O
 668 2 168 61112 210  897999-99     N INDIAN O
 668 2 268 612 0 215  896349 25     N INDIAN O
 668 2 368 61212 220  896360 25     N INDIAN O
 668 2 468 613 0 225  895350 26     N INDIAN O
 668 2 568 61312 231  895360 30     N INDIAN O
 668 2 668 614 0 237  895360 30     N INDIAN O
 668 2 768 61412 242  895360 25     N INDIAN O
 669 2 169 6 412 189  684999-99     N INDIAN O
 669 2 269 6 5 0 191  688 62 21     N INDIAN O
 669 2 369 6 512 197  702 66 73     N INDIAN O
 669 2 469 6 6 0 207  711 40 66     N INDIAN O
 669 2 569 6 612 217  715 21 53     N INDIAN O
 669 3 169 616 0 147  881999-99     N INDIAN O
 669 3 269 61612 152  879339 27     N INDIAN O
 669 3 369 617 0 161  874332 51     N INDIAN O
 669 3 469 61712 172  873355 55     N INDIAN O
 669 3 569 618 0 181  875 12 46     N INDIAN O
 669 3 669 61812 192  886 44 76     N INDIAN O
 669 3 769 619 0 200  900 59 78     N INDIAN O
 669 3 869 61912 215  910 32 88     N INDIAN O
 669 3 969 620 0 230  920 32 88     N INDIAN O
 670 4 170 6 612 212  897999-99     N INDIAN O
 670 4 270 6 7 0 214  895317 14     N INDIAN O
 670 4 370 6 712 220  888313 44     N INDIAN O
 670 4 470 6 8 0 215  884217 31     N INDIAN O
 670 4 570 6 812 208  883188 35     N INDIAN O
 670 4 670 6 9 0 207  880250 15     N INDIAN O
 670 4 770 6 912 218  868315 78     N INDIAN O
 670 4 870 610 0 222  848282 95     N INDIAN O
 670 4 970 61012 220  826264103     N INDIAN O
 670 41070 611 0 216  804259104     N INDIAN O
 670 5 170 629 0 200  881999-99     N INDIAN O
 670 5 270 62912 207  875321 45     N INDIAN O
 670 5 370 630 0 213  870322 38     N INDIAN O
 670 5 470 63012 215  852277 84     N INDIAN O
 670 5 570 7 1 0 217  841281 53     N INDIAN O
 670 5 670 7 112 223  824291 84     N INDIAN O
 670 5 770 7 2 0 230  819327 42     N INDIAN O
 670 5 870 7 212 244  810330 81     N INDIAN O
 670 5 970 7 3 0 252  802318 54     N INDIAN O
 671 2 171 6 112 192  623999-99     N INDIAN O
 671 2 271 6 2 0 204  635 43 83     N INDIAN O
 671 2 371 6 212 214  652 58 94     N INDIAN O
 671 2 471 6 3 0 219  661 59 48     N INDIAN O
 671 2 571 6 312 223  668 58 38     N INDIAN O
 671 2 671 6 4 0 226  673 57 28     N INDIAN O
 671 2 771 6 412 229  693 81 93     N INDIAN O
 671 3 171 6 3 0 196  880999-99     N INDIAN O
 671 3 271 6 312 196  880  0  0     N INDIAN O
 671 3 371 6 4 0 201  880360 25     N INDIAN O
 671 3 471 6 412 211  881  5 50     N INDIAN O
 671 3 571 6 5 0 216  883 20 27     N INDIAN O
 671 3 671 6 512 226  884  5 50     N INDIAN O
 671 3 771 6 6 0 228  863276 98     N INDIAN O
 671 3 871 6 612 233  850293 65     N INDIAN O
 671 3 971 6 7 0 236  846309 23     N INDIAN O
 671 31071 6 712 244  844347 41     N INDIAN O
 671 31171 6 8 0 247  843343 16     N INDIAN O
 671 4 171 620 0 195  890999-99     N INDIAN O
 671 4 271 62012 205  879314 72     N INDIAN O
 671 4 371 621 0 207  876306 18     N INDIAN O
 671 4 471 62112 210  868292 40     N INDIAN O
 671 4 571 622 0 214  854287 68     N INDIAN O
 671 4 671 62212 217  845290 44     N INDIAN O
 671 4 771 623 0 223  812281156     N INDIAN O
 671 4 871 62312 234  792301108     N INDIAN O
 672 2 172 625 0 215  675999-99     N INDIAN O
 672 2 272 62512 222  656292 95     N INDIAN O
 672 2 372 626 0 225  645286 53     N INDIAN O
 672 2 472 62612 225  632270 60     N INDIAN O
 672 2 572 627 0 225  605270125     N INDIAN O
 673 2 173 6 612 160  684999-99     N INDIAN O
 673 2 273 6 7 0 177  680347 87     N INDIAN O
 673 2 373 6 712 196  673341101     N INDIAN O
 673 2 473 6 8 0 208  666331 68     N INDIAN O
 673 2 573 6 812 215  659317 48     N INDIAN O
 673 2 673 6 9 0 219  656325 24     N INDIAN O
 673 2 773 6 912 222  646288 49     N INDIAN O
 673 2 873 610 0 218  632253 68     N INDIAN O
 673 2 973 61012 212  625227 44     N INDIAN O
 673 21073 611 0 211  621255 19     N INDIAN O
 673 21173 61112 210  619242 11     N INDIAN O
 673 21273 612 0 208  616235 17     N INDIAN O
 673 21373 61212 204  609239 38     N INDIAN O
 674 4 174 61512 181  863999-99     N INDIAN S
 674 4 274 616 0 184  857298 32     N INDIAN S
 674 4 374 61612 196  851335 66     N INDIAN S
 674 4 474 617 0 211  842331 86     N INDIAN S
 674 4 574 61712 227  830325 97     N INDIAN S
 674 4 674 618 0 235  823321 51     N INDIAN S
 675 5 175 6 4 0 157  874999-99     N INDIAN O
 675 5 275 6 412 166  880 33 53     N INDIAN O
 675 5 375 6 5 0 176  903 66121     N INDIAN O
 675 5 475 6 512 180  911 62 43     N INDIAN O
 675 5 575 6 6 0 197  913  6 85     N INDIAN O
 675 5 675 6 612 206  915 12 46     N INDIAN O
 675 5 775 6 7 0 219  918 12 66     N INDIAN O
 675 5 875 6 712 236  919  3 85     N INDIAN O
 675 6 175 618 0 193  866999-99     N INDIAN S
 675 6 275 61812 200  864345 36     N INDIAN S
 675 6 375 619 0 212  859339 64     N INDIAN S
 675 6 475 61912 219  852317 48     N INDIAN S
 675 7 175 62312 206  717999-99     N INDIAN S
 675 7 275 624 0 220  697307116     N INDIAN S
 675 7 375 62412 227  681295 82     N INDIAN S
 675 7 475 625 0 229  671282 47     N INDIAN S
 675 7 575 62512 231  660281 52     N INDIAN S
 675 8 175 62512 185  865999-99     N INDIAN S
 675 8 275 626 0 189  861317 28     N INDIAN S
 675 8 375 62612 189  861360  0     N INDIAN S
 675 8 475 627 0 198  860354 45     N INDIAN S
 675 8 575 62712 210  857347 62     N INDIAN S
 675 8 675 628 0 216  853328 35     N INDIAN S
 675 8 775 62812 225  844317 61     N INDIAN S
 675 8 875 629 0 234  836321 58     N INDIAN S
 677 2 177 6 9 0 158  706999-99     N INDIAN S
 677 2 277 6 912 173  702346 77     N INDIAN S
 677 2 377 610 0 179  693305 52     N INDIAN S
 677 2 477 61012 191  671300120     N INDIAN S
 677 2 577 611 0 195  657287 69     N INDIAN S
 677 2 677 61112 199  635281105     N INDIAN S
 677 2 777 612 0 202  620282 72     N INDIAN S
 677 2 877 61212 204  606279 66     N INDIAN S
 677 2 977 613 0 205  594275 56     N INDIAN S
 679 2 179 616 0 133  706999-99     N INDIAN S
 679 2 279 61612 146  699332 73     N INDIAN S
 679 2 379 617 0 158  692331 69     N INDIAN S
 679 2 479 61712 172  681323 88     N INDIAN S
 679 2 579 618 0 178  658285114     N INDIAN S
 679 2 679 61812 180  640277 86     N INDIAN S
 679 2 779 619 0 182  620276 96     N INDIAN S
 679 2 879 61912 186  596280116     N INDIAN S
 679 2 979 620 0 188  581278 72     N INDIAN S
 687 3 187 6 412 161  612999-99     N INDIAN O
 687 3 287 6 5 0 161  618 90 29     N INDIAN O
 687 3 387 6 512 161  626 90 38     N INDIAN O
 687 3 487 6 6 0 161  635 90 43     N INDIAN O
 687 3 587 6 612 161  649 90 67     N INDIAN O
 687 3 687 6 7 0 170  662 54 77     N INDIAN O
 687 3 787 6 712 189  660354 95     N INDIAN O
 687 3 887 6 8 0 206  655345 88     N INDIAN O
 687 3 987 6 812 210  643290 60     N INDIAN O
 687 31087 6 9 0 204  634235 52     N INDIAN O
 687 31187 6 912 199  643121 49     N INDIAN O
 687 31287 610 0 204  652 59 49     N INDIAN O
 687 31387 61012 207  644292 40     N INDIAN O
 687 31487 611 0 207  631270 61     N INDIAN O
 687 31587 61112 209  618279 62     N INDIAN O
 687 31687 612 0 220  610326 66     N INDIAN O
 688 1 188 6 8 0 142  736999-99     N INDIAN O
 688 1 288 6 812 158  727332 91     N INDIAN O
 688 1 388 6 9 0 167  714306 77     N INDIAN O
 688 1 488 6 912 170  702285 59     N INDIAN O
 688 1 588 610 0 169  694263 39     N INDIAN O
 688 1 688 61012 166  686249 41     N INDIAN O
 688 1 788 611 0 162  690136 28     N INDIAN O
 688 1 888 61112 162  698 90 38     N INDIAN O
 688 1 988 612 0 164  704 71 30     N INDIAN O
 688 11088 61212 167  710 63 32     N INDIAN O
 689 2 189 6 8 0 175  706999-99     N INDIAN O
 689 2 289 6 812 182  688292 92     N INDIAN O
 689 2 389 6 9 0 194  688360 60     N INDIAN O
