 8 0 5 1 0 82412 205  900999-99     N INDIAN O
 8 0 5 2 0 825 0 207  897306 17     N INDIAN O
 8 0 5 3 0 82512 207  897  0  0     N INDIAN O
 8 0 5 4 0 826 0 207  897  0  0     N INDIAN O
 8 0 5 5 0 82612 220  877305113     N INDIAN O
 8 0 5 6 0 827 0 233  857305113     N INDIAN O
 8 0 5 7 0 82712 241  841299 83     N INDIAN O
 8 0 5 8 0 828 0 252  821301106     N INDIAN O
 8 0 5 9 0 82812 257  813305 44     N INDIAN O
 8 0 510 0 829 0 261  807307 33     N INDIAN O
 8 0 511 0 82912 264  804318 20     N INDIAN O
 8 0 512 0 830 0 266  801307 17     N INDIAN O
 8 0 6 1 0 81412 196  915999-99     N INDIAN O
 8 0 6 2 0 815 0 199  907292 41     N INDIAN O
 8 0 6 3 0 81512 201  903298 22     N INDIAN O
 8 0 6 4 0 816 0 202  899285 19     N INDIAN O
 8 0 6 5 0 81612 202  899  0  0     N INDIAN O
 8 0 6 6 0 817 0 202  899  0  0     N INDIAN O
 8 0 6 7 0 81712 207  887294 62     N INDIAN O
 8 0 6 8 0 818 0 214  874300 70     N INDIAN O
 8 0 6 9 0 81812 217  867295 36     N INDIAN O
 8 0 610 0 819 0 223  854297 68     N INDIAN O
 8 0 611 0 81912 235  832301118     N INDIAN O
 8 0 612 0 820 0 245  807294125     N INDIAN O
 8 0 613 0 82012 248  792282 70     N INDIAN O
 8 0 614 0 821 0 253  773286 90     N INDIAN O
 8 0 7 1 0 8 812 201  884999-99     N INDIAN O
 8 0 7 2 0 8 9 0 202  879282 24     N INDIAN O
 8 0 7 3 0 8 912 202  879  0  0     N INDIAN O
 8 0 7 4 0 810 0 202  879  0  0     N INDIAN O
 8 0 7 5 0 81012 204  872287 34     N INDIAN O
 8 0 7 6 0 811 0 206  864285 39     N INDIAN O
 8 0 7 7 0 81112 211  844285 97     N INDIAN O
 8 0 7 8 0 812 0 216  822284106     N INDIAN O
 8 0 7 9 0 81212 220  805284 82     N INDIAN O
 8 0 710 0 813 0 226  788291 84     N INDIAN O
 8 0 711 0 81312 235  770299 94     N INDIAN O
 8 0 712 0 814 0 243  755300 79     N INDIAN O
 8 2 6 1 2 81812 173  862999-99     N INDIAN O
 8 2 6 2 2 819 0 175  858298 22     N INDIAN O
 8 2 6 3 2 81912 193  834308145     N INDIAN O
 8 2 6 4 2 820 0 210  807304153     N INDIAN O
 8 2 6 5 2 82012 218  792300 81     N INDIAN O
 8 2 6 6 2 821 0 224  779297 68     N INDIAN O
 8 2 6 7 2 82112 229  756283109     N INDIAN O
 8 2 6 8 2 822 0 233  737283 90     N INDIAN O
 8 2 6 9 2 82212 241  715292108     N INDIAN O
 8 2 610 2 823 0 251  698303 92     N INDIAN O
 8 2 7 1 2 82312 202  878999-99     N INDIAN O
 8 2 7 2 2 824 0 205  875317 21     N INDIAN O
 8 2 7 3 2 82412 213  859298 85     N INDIAN O
 8 2 7 4 2 825 0 222  845305 79     N INDIAN O
 8 2 7 5 2 82512 230  829298 84     N INDIAN O
 8 2 7 6 2 826 0 237  813296 82     N INDIAN O
 8 2 7 7 2 82612 242  799291 68     N INDIAN O
 8 2 7 8 2 827 0 247  782288 82     N INDIAN O
 8 2 7 9 2 82712 251  763283 88     N INDIAN O
 8 2 710 2 828 0 253  740276104     N INDIAN O
 8 3 7 1 3 82812 159  857999-99     N INDIAN O
 8 3 7 2 3 829 0 166  853331 40     N INDIAN O
 8 3 7 3 3 82912 175  846323 56     N INDIAN O
 8 3 7 4 3 830 0 182  840321 45     N INDIAN O
 8 3 8 1 3 73112 199  875999-99     N INDIAN O
 8 3 8 2 3 8 1 0 201  872305 17     N INDIAN O
 8 3 8 3 3 8 112 205  862293 51     N INDIAN O
 8 3 8 4 3 8 2 0 209  852293 51     N INDIAN O
 8 3 8 5 3 8 212 221  829299123     N INDIAN O
 8 3 8 6 3 8 3 0 236  805304133     N INDIAN O
 8 4 5 1 4 81912 203  885999-99     N INDIAN O
 8 4 5 2 4 820 0 206  886 17 16     N INDIAN O
 8 4 5 3 4 82012 211  885349 26     N INDIAN O
 8 4 5 4 4 821 0 217  884351 30     N INDIAN O
 8 4 5 5 4 82112 227  864298105     N INDIAN O
 8 4 5 6 4 822 0 232  842284104     N INDIAN O
 8 4 5 7 4 82212 239  822291 98     N INDIAN O
 8 4 5 8 4 823 0 250  806307 92     N INDIAN O
 8 4 5 9 4 82312 258  793304 71     N INDIAN O
 8 4 510 4 824 0 267  780308 73     N INDIAN O
 8 4 6 1 4 81112 195  896999-99     N INDIAN O
 8 4 6 2 4 812 0 201  893335 33     N INDIAN O
 8 4 6 3 4 81212 206  887312 38     N INDIAN O
 8 4 6 4 4 813 0 212  882322 38     N INDIAN O
 8 4 6 5 4 81312 221  868305 79     N INDIAN O
 8 4 6 6 4 814 0 227  852292 80     N INDIAN O
 8 4 6 7 4 81412 237  832299105     N INDIAN O
 8 4 6 8 4 815 0 247  815303 93     N INDIAN O
 8 4 6 9 4 81512 253  809318 41     N INDIAN O
 8 4 610 4 816 0 256  804304 28     N INDIAN O
 8 6 6 1 6 82612 194  865999-99     N INDIAN O
 8 6 6 2 6 827 0 205  860337 60     N INDIAN O
 8 6 6 3 6 82712 209  855311 31     N INDIAN O
 8 6 6 4 6 828 0 213  850311 31     N INDIAN O
 8 6 6 5 6 82812 221  835300 80     N INDIAN O
 8 6 6 6 6 829 0 230  815296103     N INDIAN O
 8 6 6 7 6 82912 236  799292 79     N INDIAN O
 8 6 6 8 6 830 0 240  782284 80     N INDIAN O
 8 7 7 1 7 81712 233  885999-99     N INDIAN O
 8 7 7 2 7 818 0 229  883205 22     N INDIAN O
 8 7 7 3 7 81812 227  881223 13     N INDIAN O
 8 7 7 4 7 819 0 224  879212 18     N INDIAN O
 8 7 7 5 7 81912 222  874247 25     N INDIAN O
 8 7 7 6 7 820 0 221  870255 19     N INDIAN O
 8 7 7 7 7 82012 225  852284 86     N INDIAN O
 8 7 7 8 7 821 0 236  838311 85     N INDIAN O
 8 7 9 1 7 81112 203  881999-99     N INDIAN O
 8 7 9 2 7 812 0 206  878317 21     N INDIAN O
 8 7 9 3 7 81212 206  878  0  0     N INDIAN O
 8 7 9 4 7 813 0 206  878  0  0     N INDIAN O
 8 7 9 5 7 81312 206  878  0  0     N INDIAN O
 8 7 9 6 7 814 0 206  878  0  0     N INDIAN O
 8 7 9 7 7 81412 216  859299102     N INDIAN O
 8 7 9 8 7 815 0 223  839291 99     N INDIAN O
 8 7 9 9 7 81512 231  823299 84     N INDIAN O
 8 7 910 7 816 0 240  810307 75     N INDIAN O
 8 8 2 1 8 8 612 206  882999-99     N INDIAN O
 8 8 2 2 8 8 7 0 209  879317 21     N INDIAN O
 8 8 2 3 8 8 712 216  873321 45     N INDIAN O
 8 8 2 4 8 8 8 0 223  866317 48     N INDIAN O
 8 8 3 1 8 73112 202  870999-99     N INDIAN O
 8 8 3 2 8 8 1 0 205  860288 49     N INDIAN O
 8 8 3 3 8 8 112 213  835289123     N INDIAN O
 8 8 3 4 8 8 2 0 220  810287122     N INDIAN O
 8 8 4 1 8 82712 186  878999-99     N INDIAN O
 8 8 4 2 8 828 0 193  874332 40     N INDIAN O
 8 8 4 3 8 82812 198  867307 42     N INDIAN O
 8 8 4 4 8 829 0 203  861312 38     N INDIAN O
 8 8 4 5 8 82912 212  847305 79     N INDIAN O
 8 8 4 6 8 830 0 222  830302 93     N INDIAN O
 8 8 4 7 8 83012 229  815297 78     N INDIAN O
 8 8 4 8 8 831 0 237  801302 76     N INDIAN O
 8 8 4 9 8 83112 246  786303 82     N INDIAN O
 8 8 410 8 9 1 0 254  771301 79     N INDIAN O
 8 8 411 8 9 112 265  753304 98     N INDIAN O
 8 8 412 8 9 2 0 277  738312 90     N INDIAN O
 8 8 413 8 9 212 288  728321 71     N INDIAN O
 8 8 414 8 9 3 0 299  721331 63     N INDIAN O
 8 8 415 8 9 312 303  720348 21     N INDIAN O
 8 8 416 8 9 4 0 308  720360 25     N INDIAN O
 8 8 417 8 9 412 315  725 31 41     N INDIAN O
 8 8 418 8 9 5 0 318  736 72 49     N INDIAN O
 810 3 110 73112 169  854999-99     N INDIAN O
 810 3 210 8 1 0 193  867 27135     N INDIAN O
 810 3 310 8 112 193  867  0  0     N INDIAN O
 810 3 410 8 2 0 193  867  0  0     N INDIAN O
 810 3 510 8 212 202  869 12 46     N INDIAN O
 810 3 610 8 3 0 210  865335 44     N INDIAN O
 810 3 710 8 312 219  846297 99     N INDIAN O
 810 3 810 8 4 0 225  826288 98     N INDIAN O
 810 3 910 8 412 229  806282 94     N INDIAN O
 810 31010 8 5 0 239  786299104     N INDIAN O
 810 31110 8 512 253  778333 79     N INDIAN O
 810 31210 8 6 0 267  780  7 71     N INDIAN O
 811 5 111 82712 187  877999-99     N INDIAN O
 811 5 211 828 0 190  870294 36     N INDIAN O
 811 5 311 82812 193  865302 28     N INDIAN O
 811 5 411 829 0 195  862305 18     N INDIAN O
 811 5 511 82912 207  833294149     N INDIAN O
 811 5 611 830 0 220  810301125     N INDIAN O
 812 2 112 82712 190  875999-99     N INDIAN O
 812 2 212 828 0 200  870335 55     N INDIAN O
 812 2 312 82812 212  863331 68     N INDIAN O
 812 2 412 829 0 225  850317 88     N INDIAN O
 812 2 512 82912 242  828310132     N INDIAN O
 812 2 612 830 0 256  801300141     N INDIAN O
 812 2 712 83012 262  786294 74     N INDIAN O
 812 2 812 831 0 269  770296 80     N INDIAN O
 812 3 112 73112 179  867999-99     N INDIAN O
 812 3 212 8 1 0 184  864330 29     N INDIAN O
 812 3 312 8 112 191  861338 38     N INDIAN O
 812 3 412 8 2 0 197  857328 36     N INDIAN O
 812 3 512 8 212 212  848331 86     N INDIAN O
 812 3 612 8 3 0 223  836315 78     N INDIAN O
 812 3 712 8 312 230  828314 51     N INDIAN O
 812 3 812 8 4 0 234  820299 42     N INDIAN O
 812 3 912 8 412 237  811290 44     N INDIAN O
 812 31012 8 5 0 239  804287 33     N INDIAN O
 813 4 113 8 512 226  904999-99     N INDIAN O
 813 4 213 8 6 0 230  901325 24     N INDIAN O
 813 4 313 8 612 239  894325 55     N INDIAN O
 813 4 413 8 7 0 244  884299 52     N INDIAN O
 813 4 513 8 712 244  884  0  0     N INDIAN O
 813 4 613 8 8 0 244  884  0  0     N INDIAN O
 813 4 713 8 812 248  874294 50     N INDIAN O
 813 4 813 8 9 0 250  866285 38     N INDIAN O
 813 4 913 8 912 255  856299 52     N INDIAN O
 813 41013 810 0 260  860 36 31     N INDIAN O
 813 41113 81012 260  868 90 36     N INDIAN O
 813 41213 811 0 260  876 90 36     N INDIAN O
 813 41313 81112 260  884 90 36     N INDIAN O
 813 41413 812 0 260  890 90 27     N INDIAN O
 813 5 113 82912 196  878999-99     N INDIAN O
 813 5 213 830 0 196  868270 47     N INDIAN O
 813 5 313 83012 196  856270 57     N INDIAN O
 813 5 413 831 0 200  837283 92     N INDIAN O
 813 5 513 83112 203  824284 63     N INDIAN O
 813 5 613 9 1 0 205  810279 67     N INDIAN O
 813 5 713 9 112 211  794292 81     N INDIAN O
 813 5 813 9 2 0 218  779297 78     N INDIAN O
 813 5 913 9 212 226  757291109     N INDIAN O
 813 51013 9 3 0 233  736290103     N INDIAN O
 813 51113 9 312 238  721290 73     N INDIAN O
 813 51213 9 4 0 242  707287 67     N INDIAN O
 813 6 113 82312 238  792999-99     N INDIAN O
 813 6 213 824 0 240  789306 17     N INDIAN O
 813 6 313 82412 250  759290145     N INDIAN O
 813 6 413 825 0 260  730291140     N INDIAN O
 814 5 114 8 312 237  861999-99     N INDIAN O
 814 5 214 8 4 0 239  855290 29     N INDIAN O
 814 5 314 8 412 243  850311 30     N INDIAN O
 814 5 414 8 5 0 245  846299 21     N INDIAN O
 814 5 514 8 512 248  835287 53     N INDIAN O
 814 5 614 8 6 0 250  825282 47     N INDIAN O
 814 5 714 8 612 250  825  0  0     N INDIAN O
 814 5 814 8 7 0 250  825  0  0     N INDIAN O
 814 5 914 8 712 250  810270 68     N INDIAN O
 814 51014 8 8 0 250  796270 63     N INDIAN O
 815 2 115 73112 189  888999-99     N INDIAN O
 815 2 215 8 1 0 196  884332 40     N INDIAN O
 815 2 315 8 112 201  880323 32     N INDIAN O
 815 2 415 8 2 0 206  876323 32     N INDIAN O
 815 2 515 8 212 211  870312 38     N INDIAN O
 815 2 615 8 3 0 215  865311 31     N INDIAN O
 815 2 715 8 312 225  844297109     N INDIAN O
 815 2 815 8 4 0 230  817281127     N INDIAN O
 815 2 915 8 412 241  799304 99     N INDIAN O
 815 21015 8 5 0 251  789318 68     N INDIAN O
 815 21115 8 512 256  785324 31     N INDIAN O
 815 21215 8 6 0 263  783346 36     N INDIAN O
 815 3 115 82512 171  867999-99     N INDIAN O
 815 3 215 826 0 178  870 22 38     N INDIAN O
 815 3 315 82612 185  873 22 38     N INDIAN O
 815 3 415 827 0 197  875  9 61     N INDIAN O
 815 3 515 82712 202  873339 27     N INDIAN O
 815 3 615 828 0 206  870325 24     N INDIAN O
 815 3 715 82812 218  852306103     N INDIAN O
 815 3 815 829 0 228  833300101     N INDIAN O
 815 3 915 82912 236  823311 61     N INDIAN O
 815 31015 830 0 244  817326 48     N INDIAN O
 815 31115 83012 251  815346 36     N INDIAN O
 815 31215 831 0 259  815360 40     N INDIAN O
 815 31315 83112 261  815360 10     N INDIAN O
 815 31415 9 1 0 263  816 24 11     N INDIAN O
 816 5 116 81212 208  890999-99     N INDIAN O
 816 5 216 813 0 207  886255 19     N INDIAN O
 816 5 316 81312 207  862270113     N INDIAN O
 816 5 416 814 0 208  836272122     N INDIAN O
 816 6 116 81812 249  807999-99     N INDIAN O
 816 6 216 819 0 248  802258 23     N INDIAN O
 816 6 316 81912 248  802  0  0     N INDIAN O
 816 6 416 820 0 248  802  0  0     N INDIAN O
 816 6 516 82012 247  792264 46     N INDIAN O
 816 6 616 821 0 249  781281 51     N INDIAN O
 816 6 716 82112 254  757283112     N INDIAN O
 816 6 816 822 0 255  735273 99     N INDIAN O
 817 6 117 8 612 205  880999-99     N INDIAN O
 817 6 217 8 7 0 208  875303 28     N INDIAN O
 817 6 317 8 712 220  855303111     N INDIAN O
 817 6 417 8 8 0 229  835296103     N INDIAN O
 817 6 517 8 812 237  811290118     N INDIAN O
 817 6 617 8 9 0 245  791294100     N INDIAN O
 817 6 717 8 912 260  759297163     N INDIAN O
 817 6 817 810 0 275  735305131     N INDIAN O
 818 5 118 81312 194  885999-99     N INDIAN O
 818 5 218 814 0 198  881317 28     N INDIAN O
 818 5 318 81412 198  881  0  0     N INDIAN O
 818 5 418 815 0 198  881  0  0     N INDIAN O
 818 5 518 81512 204  875317 41     N INDIAN O
 818 5 618 816 0 208  870311 31     N INDIAN O
 818 6 118 82512 238  847999-99     N INDIAN O
 818 6 218 826 0 238  841270 27     N INDIAN O
 818 6 318 82612 238  830270 50     N INDIAN O
 818 6 418 827 0 238  820270 46     N INDIAN O
 818 6 518 82712 238  804270 73     N INDIAN O
 818 6 618 828 0 238  788270 73     N INDIAN O
 818 6 718 82812 244  768288 96     N INDIAN O
 818 6 818 829 0 249  750287 86     N INDIAN O
 819 4 119 83012 199  889999-99     N INDIAN O
 819 4 219 831 0 203  886325 24     N INDIAN O
 819 4 319 83112 220  874327102     N INDIAN O
 819 4 419 9 1 0 233  861317 88     N INDIAN O
 819 4 519 9 112 239  851303 55     N INDIAN O
 819 4 619 9 2 0 244  841299 52     N INDIAN O
 819 5 119 82312 188  886999-99     N INDIAN O
 819 5 219 824 0 188  881270 24     N INDIAN O
 819 5 319 82412 188  881  0  0     N INDIAN O
 819 5 419 825 0 188  881  0  0     N INDIAN O
 819 5 519 82512 191  868284 63     N INDIAN O
 819 5 619 826 0 199  861321 52     N INDIAN O
 819 5 719 82612 199  861  0  0     N INDIAN O
 819 5 819 827 0 199  861  0  0     N INDIAN O
 819 5 919 82712 221  845326133     N INDIAN O
 819 51019 828 0 239  830323113     N INDIAN O
 819 51119 82812 249  821321 65     N INDIAN O
 819 51219 829 0 259  811318 68     N INDIAN O
 819 51319 82912 265  798297 66     N INDIAN O
 819 51419 830 0 269  786291 58     N INDIAN O
 819 6 119 81012 215  895999-99     N INDIAN O
 819 6 219 811 0 219  890311 31     N INDIAN O
 819 6 319 81112 225  880303 55     N INDIAN O
 819 6 419 812 0 229  871296 46     N INDIAN O
 819 6 519 81212 236  843285133     N INDIAN O
 819 6 619 813 0 239  820278107     N INDIAN O
 819 7 119 8 412 210  908999-99     N INDIAN O
 819 7 219 8 5 0 214  906335 22     N INDIAN O
 819 7 319 8 512 214  906  0  0     N INDIAN O
 819 7 419 8 6 0 214  906  0  0     N INDIAN O
 819 7 519 8 612 222  897314 58     N INDIAN O
 819 7 619 8 7 0 229  886305 62     N INDIAN O
 819 7 719 8 712 231  874280 56     N INDIAN O
 819 7 819 8 8 0 234  861284 62     N INDIAN O
 819 7 919 8 812 237  845282 75     N INDIAN O
 819 71019 8 9 0 246  830303 82     N INDIAN O
 819 71119 8 912 256  815306 84     N INDIAN O
 819 71219 810 0 264  801302 74     N INDIAN O
 820 7 120 82412 206  899999-99     N INDIAN O
 820 7 220 825 0 194  877240120     N INDIAN O
 820 7 320 82512 201  855289109     N INDIAN O
 820 7 420 826 0 215  836308113     N INDIAN O
 820 7 520 82612 224  807289142     N INDIAN O
 820 7 620 827 0 229  781282123     N INDIAN O
 820 8 120 8 412 209  921999-99     N INDIAN O
 820 8 220 8 5 0 213  917317 27     N INDIAN O
 820 8 320 8 512 218  907298 53     N INDIAN O
 820 8 420 8 6 0 223  897298 53     N INDIAN O
 820 8 520 8 612 230  870286129     N INDIAN O
 820 8 620 8 7 0 235  846283113     N INDIAN O
 820 8 720 8 712 242  825290103     N INDIAN O
 820 8 820 8 8 0 249  811299 73     N INDIAN O
 821 3 121 8 712 202  884999-99     N INDIAN O
 821 3 221 8 8 0 205  881317 21     N INDIAN O
 821 3 321 8 812 225  853308164     N INDIAN O
 821 3 421 8 9 0 235  830295117     N INDIAN O
 822 5 122 81812 206  885999-99     N INDIAN O
 822 5 222 819 0 210  881317 27     N INDIAN O
 822 5 322 81912 218  870308 65     N INDIAN O
 822 5 422 820 0 225  863317 48     N INDIAN O
 822 5 522 82012 235  845301 97     N INDIAN O
 822 5 622 821 0 245  825299104     N INDIAN O
 822 5 722 82112 254  795288143     N INDIAN O
 822 5 822 822 0 257  756275177     N INDIAN O
 822 6 122 8 112 229  898999-99     N INDIAN O
 822 6 222 8 2 0 231  881277 79     N INDIAN O
 822 6 322 8 212 237  862289 93     N INDIAN O
 822 6 422 8 3 0 242  850295 60     N INDIAN O
 822 6 522 8 312 247  840299 52     N INDIAN O
 822 6 622 8 4 0 252  832305 44     N INDIAN O
 823 7 123 8 412 226  896999-99     N INDIAN O
 823 7 223 8 5 0 228  892299 21     N INDIAN O
 823 7 323 8 512 232  884299 42     N INDIAN O
 823 7 423 8 6 0 235  874288 48     N INDIAN O
 823 7 523 8 612 238  841276152     N INDIAN O
 823 7 623 8 7 0 247  809287153     N INDIAN O
 823 7 723 8 712 252  798297 56     N INDIAN O
 823 7 823 8 8 0 261  782302 85     N INDIAN O
 823 8 123 81412 208  894999-99     N INDIAN O
 823 8 223 815 0 212  890317 27     N INDIAN O
 823 8 323 81512 223  885337 60     N INDIAN O
 823 8 423 816 0 231  874308 65     N INDIAN O
 823 8 523 81612 234  865290 44     N INDIAN O
 823 8 623 817 0 235  857278 37     N INDIAN O
 823 8 723 81712 235  852270 23     N INDIAN O
 823 8 823 818 0 237  846290 29     N INDIAN O
 823 9 123 8 912 217  911999-99     N INDIAN O
 823 9 223 810 0 216  906258 24     N INDIAN O
 823 9 323 81012 216  897270 42     N INDIAN O
 823 9 423 811 0 216  887270 47     N INDIAN O
 823 9 523 81112 217  873274 65     N INDIAN O
 823 9 623 812 0 220  859283 67     N INDIAN O
 823 9 723 81212 227  835288117     N INDIAN O
 823 9 823 813 0 234  819295 82     N INDIAN O
 82310 123 82012 209  903999-99     N INDIAN O
 82310 223 821 0 213  898311 31     N INDIAN O
 82310 323 82112 213  898  0  0     N INDIAN O
 82310 423 822 0 213  898  0  0     N INDIAN O
 82310 523 82212 222  878296103     N INDIAN O
 82310 623 823 0 226  859283 90     N INDIAN O
 82310 723 82312 227  853280 28     N INDIAN O
 82310 823 824 0 229  847290 29     N INDIAN O
 82310 923 82412 231  829277 83     N INDIAN O
 823101023 825 0 233  810277 88     N INDIAN O
 823101123 82512 237  799292 54     N INDIAN O
 823101223 826 0 240  790290 44     N INDIAN O
 824 5 124 82412 191  899999-99     N INDIAN O
 824 5 224 825 0 191  891270 38     N INDIAN O
 824 5 324 82512 193  881282 48     N INDIAN O
 824 5 424 826 0 195  872283 43     N INDIAN O
 824 5 524 82612 202  862307 58     N INDIAN O
 824 5 624 827 0 213  857337 60     N INDIAN O
 824 5 724 82712 220  858  8 35     N INDIAN O
 824 5 824 828 0 228  856347 41     N INDIAN O
 824 5 924 82812 234  835287101     N INDIAN O
 824 51024 829 0 235  813273101     N INDIAN O
 824 51124 82912 237  801280 56     N INDIAN O
 824 51224 830 0 240  790287 53     N INDIAN O
 824 51324 83012 246  767286109     N INDIAN O
 824 51424 831 0 249  743278110     N INDIAN O
 824 6 124 8 212 206  912999-99     N INDIAN O
 824 6 224 8 3 0 205  904262 38     N INDIAN O
 824 6 324 8 312 205  898270 28     N INDIAN O
 824 6 424 8 4 0 205  893270 23     N INDIAN O
 824 6 524 8 412 208  875280 86     N INDIAN O
 824 6 624 8 5 0 214  858291 85     N INDIAN O
 824 6 724 8 512 222  843300 80     N INDIAN O
 824 6 824 8 6 0 231  828303 83     N INDIAN O
 824 6 924 8 612 236  822312 38     N INDIAN O
 824 61024 8 7 0 240  818318 28     N INDIAN O
 824 61124 8 712 242  817336 11     N INDIAN O
 824 61224 8 8 0 245  816343 16     N INDIAN O
 824 61324 8 812 245  816  0  0     N INDIAN O
 824 61424 8 9 0 245  816  0  0     N INDIAN O
 824 61524 8 912 253  801301 79     N INDIAN O
 824 61624 810 0 258  783287 85     N INDIAN O
 824 7 124 83012 138  970999-99     N INDIAN O
 824 7 224 831 0 135  963246 37     N INDIAN O
 824 7 324 83112 133  948262 73     N INDIAN O
 824 7 424 9 1 0 135  930277 88     N INDIAN O
 824 7 524 9 112 144  908293116     N INDIAN O
 824 7 624 9 2 0 154  889299104     N INDIAN O
 824 7 724 9 212 162  872296 91     N INDIAN O
 824 7 824 9 3 0 172  856303 92     N INDIAN O
 824 7 924 9 312 183  847322 70     N INDIAN O
 824 71024 9 4 0 195  843343 63     N INDIAN O
 824 71124 9 412 202  841345 36     N INDIAN O
 824 71224 9 5 0 209  840352 35     N INDIAN O
 824 71324 9 512 231  836350112     N INDIAN O
 824 71424 9 6 0 249  827336 99     N INDIAN O
 824 71524 9 612 261  811310 94     N INDIAN O
 824 71624 9 7 0 266  788284106     N INDIAN O
 824 71724 9 712 267  785291 14     N INDIAN O
 824 71824 9 8 0 268  780283 23     N INDIAN O
 82511 125 81912 207  892999-99     N INDIAN O
 82511 225 820 0 209  887293 25     N INDIAN O
 82511 325 82012 210  880279 33     N INDIAN O
 82511 425 821 0 212  875293 25     N INDIAN O
 82511 525 82112 212  875  0  0     N INDIAN O
 82511 625 822 0 212  875  0  0     N INDIAN O
 82511 725 82212 219  840282167     N INDIAN O
 82511 825 823 0 230  806289167     N INDIAN O
 82512 125 82912 187  878999-99     N INDIAN O
 82512 225 830 0 189  874298 21     N INDIAN O
 82512 325 83012 199  862312 76     N INDIAN O
 82512 425 831 0 208  855324 56     N INDIAN O
 82512 525 83112 218  851340 53     N INDIAN O
 82512 625 9 1 0 228  847340 53     N INDIAN O
 82512 725 9 112 240  841335 66     N INDIAN O
 82512 825 9 2 0 253  838348 67     N INDIAN O
 82512 925 9 212 257  840 24 22     N INDIAN O
 825121025 9 3 0 260  844 50 23     N INDIAN O
 825121125 9 312 259  851 99 32     N INDIAN O
 825121225 9 4 0 258  856103 23     N INDIAN O
 826 3 126 8 412 171  867999-99     N INDIAN O
 826 3 226 8 5 0 175  870 36 25     N INDIAN O
 826 3 326 8 512 179  873 36 24     N INDIAN O
 826 3 426 8 6 0 185  874  9 30     N INDIAN O
 826 3 526 8 612 190  871330 29     N INDIAN O
 826 3 626 8 7 0 196  869343 32     N INDIAN O
 826 3 726 8 712 212  840301158     N INDIAN O
 826 3 826 8 8 0 218  810282143     N INDIAN O
 826 4 126 813 0 238  884999-99     N INDIAN O
 826 4 226 81312 232  887155 33     N INDIAN O
 826 4 326 814 0 225  888173 35     N INDIAN O
 826 4 426 81412 225  883270 23     N INDIAN O
 826 4 526 815 0 229  878311 31     N INDIAN O
 826 4 626 81512 221  871219 52     N INDIAN O
 826 4 726 816 0 212  872174 45     N INDIAN O
 826 4 826 81612 208  865239 38     N INDIAN O
 826 4 926 817 0 210  856283 43     N INDIAN O
 826 41026 81712 216  835287103     N INDIAN O
 826 41126 818 0 224  814292105     N INDIAN O
 826 41226 81812 231  799297 78     N INDIAN O
 826 41326 819 0 239  784300 79     N INDIAN O
 826 41426 81912 245  773301 58     N INDIAN O
 826 41526 820 0 249  768311 30     N INDIAN O
 826 41626 82012 258  761325 55     N INDIAN O
 826 41726 821 0 267  758343 47     N INDIAN O
 82710 127 81512 208  889999-99     N INDIAN O
 82710 227 816 0 211  884303 28     N INDIAN O
 82710 327 81612 218  871300 70     N INDIAN O
 82710 427 817 0 224  858297 68     N INDIAN O
 82710 527 81712 231  845300 69     N INDIAN O
 82710 627 818 0 236  831291 69     N INDIAN O
 82710 727 81812 240  815285 76     N INDIAN O
 82710 827 819 0 243  804287 53     N INDIAN O
 82710 927 81912 249  781286109     N INDIAN O
 827101027 820 0 252  761279 92     N INDIAN O
 82711 127 81012 190  867999-99     N INDIAN O
 82711 227 811 0 196  864335 33     N INDIAN O
 82711 327 81112 204  859330 47     N INDIAN O
 82711 427 812 0 212  851317 55     N INDIAN O
 82711 527 81212 221  841314 65     N INDIAN O
 82711 627 813 0 230  831314 64     N INDIAN O
 82711 727 81312 237  827332 39     N INDIAN O
 82711 827 814 0 244  821322 44     N INDIAN O
 82712 127 82012 172  909999-99     N INDIAN O
 82712 227 821 0 173  903280 29     N INDIAN O
 82712 327 82112 173  903  0  0     N INDIAN O
 82712 427 822 0 173  903  0  0     N INDIAN O
 82712 527 82212 176  890284 64     N INDIAN O
 82712 627 823 0 179  881289 45     N INDIAN O
 82712 727 82312 182  869285 59     N INDIAN O
 82712 827 824 0 188  854293 78     N INDIAN O
 82712 927 82412 198  839305 87     N INDIAN O
 827121027 825 0 209  829320 73     N INDIAN O
 827121127 82512 220  825341 58     N INDIAN O
 827121227 826 0 230  824355 50     N INDIAN O
 828 6 128 73112 200  909999-99     N INDIAN O
 828 6 228 8 1 0 205  906331 29     N INDIAN O
 828 6 328 8 112 212  904345 36     N INDIAN O
 828 6 428 8 2 0 220  898325 49     N INDIAN O
 828 7 128 83012 223  878999-99     N INDIAN O
 828 7 228 831 0 224  872280 28     N INDIAN O
 828 7 328 83112 226  858279 66     N INDIAN O
 828 7 428 9 1 0 229  845284 62     N INDIAN O
 828 7 528 9 112 238  831305 78     N INDIAN O
 828 7 628 9 2 0 251  822328 77     N INDIAN O
 828 7 728 9 212 251  822  0  0     N INDIAN O
 828 7 828 9 3 0 251  822  0  0     N INDIAN O
 828 7 928 9 312 256  819332 28     N INDIAN O
 828 71028 9 4 0 263  816339 38     N INDIAN O
 828 8 128 82312 177  898999-99     N INDIAN O
 828 8 228 824 0 177  892270 29     N INDIAN O
 828 8 328 82412 177  885270 33     N INDIAN O
 828 8 428 825 0 178  878279 33     N INDIAN O
 828 8 528 82512 179  865275 62     N INDIAN O
 828 8 628 826 0 182  853285 59     N INDIAN O
 828 8 728 82612 190  836296 90     N INDIAN O
 828 8 828 827 0 198  823303 73     N INDIAN O
 828 8 928 82712 205  812304 63     N INDIAN O
 828 81028 828 0 213  801308 65     N INDIAN O
 828 81128 82812 221  791311 62     N INDIAN O
 828 81228 829 0 229  780308 65     N INDIAN O
 828 81328 82912 237  772317 54     N INDIAN O
 828 81428 830 0 244  764314 51     N INDIAN O
 828 81528 83012 251  757318 48     N INDIAN O
 828 81628 831 0 258  751322 44     N INDIAN O
 828 81728 83112 285  738337147     N INDIAN O
 828 81828 9 1 0 316  730347159     N INDIAN O
 829 9 129 8 612 203  911999-99     N INDIAN O
 829 9 229 8 7 0 210  902310 55     N INDIAN O
 829 9 329 8 712 213  898309 24     N INDIAN O
 829 9 429 8 8 0 217  895325 24     N INDIAN O
 829 9 529 8 812 221  888302 38     N INDIAN O
 829 9 629 8 9 0 227  881313 44     N INDIAN O
 829 9 729 8 912 229  875290 29     N INDIAN O
 829 9 829 810 0 231  869290 29     N INDIAN O
 829 9 929 81012 233  865299 21     N INDIAN O
 829 91029 811 0 235  861299 21     N INDIAN O
 82910 129 82712 189  889999-99     N INDIAN O
 82910 229 828 0 187  885242 21     N INDIAN O
 82910 329 82812 184  875252 50     N INDIAN O
 82910 429 829 0 183  864265 53     N INDIAN O
 82910 529 82912 184  856278 38     N INDIAN O
 82910 629 830 0 187  851302 28     N INDIAN O
 82910 729 83012 190  840286 54     N INDIAN O
 82910 829 831 0 197  831310 55     N INDIAN O
 82910 929 83112 204  825321 45     N INDIAN O
 829101029 9 1 0 211  821332 40     N INDIAN O
 82911 129 82212 192  886999-99     N INDIAN O
 82911 229 823 0 196  880305 35     N INDIAN O
 82911 329 82312 210  851297153     N INDIAN O
 82911 429 824 0 222  828299123     N INDIAN O
 82911 529 82412 230  810296 93     N INDIAN O
 82911 629 825 0 237  795297 78     N INDIAN O
 82911 729 82512 237  795  0  0     N INDIAN O
 82911 829 826 0 237  795  0  0     N INDIAN O
 82911 929 82612 251  758293183     N INDIAN O
 829111029 827 0 271  734313147     N INDIAN O
 829111129 82712 290  725337103     N INDIAN O
 829111229 828 0 310  724358100     N INDIAN O
 831 2 131 82912 186  884999-99     N INDIAN O
 831 2 231 830 0 189  880308 24     N INDIAN O
 831 2 331 83012 189  880  0  0     N INDIAN O
 831 2 431 831 0 189  880  0  0     N INDIAN O
 831 2 531 83112 195  875322 38     N INDIAN O
 831 2 631 9 1 0 199  860286 73     N INDIAN O
 831 3 131 81312 195  899999-99     N INDIAN O
 831 3 231 814 0 201  887298 64     N INDIAN O
 831 3 331 81412 202  886317  7     N INDIAN O
 831 3 431 815 0 204  885335 11     N INDIAN O
 831 4 131 8 512 188  888999-99     N INDIAN O
 831 4 231 8 6 0 194  885335 33     N INDIAN O
 831 4 331 8 612 201  881332 40     N INDIAN O
 831 4 431 8 7 0 208  880352 35     N INDIAN O
 831 5 131 81812 202  899999-99     N INDIAN O
 831 5 231 819 0 208  890305 52     N INDIAN O
 831 5 331 81912 208  890  0  0     N INDIAN O
 831 5 431 820 0 208  890  0  0     N INDIAN O
 831 5 531 82012 208  885270 23     N INDIAN O
 831 5 631 821 0 209  880282 24     N INDIAN O
 831 5 731 82112 212  875303 28     N INDIAN O
 831 5 831 822 0 215  870303 28     N INDIAN O
 833 8 133 82012 246  849999-99     N INDIAN O
 833 8 233 821 0 247  844282 23     N INDIAN O
 833 8 333 82112 248  835277 41     N INDIAN O
 833 8 433 822 0 251  826290 43     N INDIAN O
 833 8 533 82212 251  826  0  0     N INDIAN O
 833 8 633 823 0 251  826  0  0     N INDIAN O
 833 8 733 82312 254  821304 28     N INDIAN O
 833 8 833 824 0 255  816283 23     N INDIAN O
 833 8 933 82412 257  812299 21     N INDIAN O
 833 81033 825 0 260  807304 27     N INDIAN O
 833 81133 82512 266  794297 66     N INDIAN O
 833 81233 826 0 274  780303 74     N INDIAN O
 833 81333 82612 280  770304 53     N INDIAN O
 833 81433 827 0 287  759306 60     N INDIAN O
 833 9 133 8 712 169  924999-99     N INDIAN O
 833 9 233 8 8 0 184  906311114     N INDIAN O
 833 9 333 8 812 196  889307100     N INDIAN O
 833 9 433 8 9 0 205  869296104     N INDIAN O
 833 9 533 8 912 209  844280118     N INDIAN O
 833 9 633 810 0 211  819275118     N INDIAN O
 83310 133 8 112 190  907999-99     N INDIAN O
 83310 233 8 2 0 190  889270 85     N INDIAN O
 83310 333 8 212 201  881326 67     N INDIAN O
 83310 433 8 3 0 209  879347 41     N INDIAN O
 83310 533 8 312 214  867294 62     N INDIAN O
 83310 633 8 4 0 216  842275117     N INDIAN O
 83310 733 8 412 223  815286130     N INDIAN O
 83310 833 8 5 0 238  792305130     N INDIAN O
 83310 933 8 512 252  776314101     N INDIAN O
 833101033 8 6 0 266  760314100     N INDIAN O
 833101133 8 612 273  748303 64     N INDIAN O
 833101233 8 7 0 279  735298 65     N INDIAN O
 834 7 134 8 912 203  879999-99     N INDIAN O
 834 7 234 810 0 215  870325 73     N INDIAN O
 834 7 334 81012 226  840292149     N INDIAN O
 834 7 434 811 0 230  807278153     N INDIAN O
 834 7 534 81112 232  796281 52     N INDIAN O
 834 7 634 812 0 235  787290 44     N INDIAN O
 834 8 134 82012 206  882999-99     N INDIAN O
 834 8 234 821 0 209  880328 18     N INDIAN O
 834 8 334 82112 219  870317 68     N INDIAN O
 834 8 434 822 0 230  858315 78     N INDIAN O
 834 8 534 82212 236  847301 59     N INDIAN O
 834 8 634 823 0 240  834289 63     N INDIAN O
 834 8 734 82312 245  816287 86     N INDIAN O
 834 8 834 824 0 251  803297 66     N INDIAN O
 834 8 934 82412 259  790304 71     N INDIAN O
 834 81034 825 0 265  777297 66     N INDIAN O
 834 81134 82512 265  764270 58     N INDIAN O
 834 81234 826 0 264  747266 77     N INDIAN O
 834 9 134 81412 179  879999-99     N INDIAN O
 834 9 234 815 0 182  871292 41     N INDIAN O
 834 9 334 81512 185  868317 21     N INDIAN O
 834 9 434 816 0 189  866335 23     N INDIAN O
 834 9 534 81612 203  858332 79     N INDIAN O
 834 9 634 817 0 217  849329 82     N INDIAN O
 834 9 734 81712 230  836317 88     N INDIAN O
 834 9 834 818 0 240  822308 82     N INDIAN O
 834 9 934 81812 251  802301107     N INDIAN O
 834 91034 819 0 262  789313 80     N INDIAN O
 834 91134 81912 275  785345 68     N INDIAN O
 834 91234 820 0 287  794 34 72     N INDIAN O
 835 8 135 81112 238  865999-99     N INDIAN O
 835 8 235 812 0 241  857292 40     N INDIAN O
 835 8 335 81212 241  857  0  0     N INDIAN O
 835 8 435 813 0 241  857  0  0     N INDIAN O
 835 8 535 81312 244  844284 61     N INDIAN O
 835 8 635 814 0 246  834282 47     N INDIAN O
 835 8 735 81412 251  806281129     N INDIAN O
 835 8 835 815 0 255  786283 93     N INDIAN O
 836 9 136 81612 178  871999-99     N INDIAN O
 836 9 236 817 0 185  871360 35     N INDIAN O
 836 9 336 81712 190  871360 25     N INDIAN O
 836 9 436 818 0 195  870349 26     N INDIAN O
 83610 136 82512 198  895999-99     N INDIAN O
 83610 236 826 0 194  891223 28     N INDIAN O
 83610 336 82612 189  879246 62     N INDIAN O
 83610 436 827 0 184  861254 89     N INDIAN O
 83610 536 82712 184  861  0  0     N INDIAN O
 83610 636 828 0 184  861  0  0     N INDIAN O
 83610 736 82812 182  851258 48     N INDIAN O
 83610 836 829 0 182  842270 43     N INDIAN O
 83610 936 82912 189  829300 71     N INDIAN O
 836101036 830 0 199  820320 66     N INDIAN O
 837 8 137 8 112 201  901999-99     N INDIAN O
 837 8 237 8 2 0 210  889309 72     N INDIAN O
 837 8 337 8 212 216  879303 55     N INDIAN O
 837 8 437 8 3 0 222  870306 52     N INDIAN O
 837 8 537 8 312 232  848296113     N INDIAN O
 837 8 637 8 4 0 237  831288 82     N INDIAN O
 837 9 137 82412 243  810999-99     N INDIAN O
 837 9 237 825 0 245  805294 25     N INDIAN O
 837 9 337 82512 248  798295 35     N INDIAN O
 837 9 437 826 0 251  791295 35     N INDIAN O
 838 5 138 81012 213  908999-99     N INDIAN O
 838 5 238 811 0 218  905331 29     N INDIAN O
 838 5 338 81112 218  905  0  0     N INDIAN O
 838 5 438 812 0 218  905  0  0     N INDIAN O
 838 5 538 81212 227  892307 75     N INDIAN O
 838 5 638 813 0 231  877286 72     N INDIAN O
 839 8 139 81512 207  899999-99     N INDIAN O
 839 8 239 816 0 213  887298 64     N INDIAN O
 839 8 339 81612 218  875294 61     N INDIAN O
 839 8 439 817 0 221  864286 53     N INDIAN O
 839 8 539 81712 221  851270 60     N INDIAN O
 839 8 639 818 0 221  838270 60     N INDIAN O
 839 8 739 81812 221  830270 37     N INDIAN O
 839 8 839 819 0 222  824280 28     N INDIAN O
 839 8 939 81912 225  815290 44     N INDIAN O
 839 81039 820 0 231  804301 59     N INDIAN O
 839 9 139 82112 189  915999-99     N INDIAN O
 839 9 239 822 0 190  909280 29     N INDIAN O
 839 9 339 82212 195  894289 75     N INDIAN O
 839 9 439 823 0 198  882285 58     N INDIAN O
 83910 139 82712 185  920999-99     N INDIAN O
 83910 239 828 0 186  915282 24     N INDIAN O
 83910 339 82812 192  892285113     N INDIAN O
 83910 439 829 0 205  879317 89     N INDIAN O
 83910 539 82912 222  856308137     N INDIAN O
 83910 639 830 0 228  831285119     N INDIAN O
 83910 739 83012 230  812277 88     N INDIAN O
 83910 839 831 0 234  795284 81     N INDIAN O
 83910 939 83112 246  782315 84     N INDIAN O
 839101039 9 1 0 261  783  3 75     N INDIAN O
 840 6 140 81912 184  875999-99     N INDIAN O
 840 6 240 820 0 190  871328 36     N INDIAN O
 840 6 340 82012 190  871  0  0     N INDIAN O
 840 6 440 821 0 190  871  0  0     N INDIAN O
 840 6 540 82112 199  865328 53     N INDIAN O
 840 6 640 822 0 208  857320 58     N INDIAN O
 840 6 740 82212 211  853309 24     N INDIAN O
 840 6 840 823 0 214  849309 24     N INDIAN O
 840 6 940 82312 221  828290103     N INDIAN O
 840 61040 824 0 227  810290 88     N INDIAN O
 840 61140 82412 235  793297 88     N INDIAN O
 840 61240 825 0 241  779295 71     N INDIAN O
 840 61340 82512 246  769299 52     N INDIAN O
 840 61440 826 0 251  757295 60     N INDIAN O
 840 7 140 8 112 213  896999-99     N INDIAN O
 840 7 240 8 2 0 219  893335 33     N INDIAN O
 840 7 340 8 212 228  887328 53     N INDIAN O
 840 7 440 8 3 0 236  877311 61     N INDIAN O
 840 7 540 8 312 238  854275106     N INDIAN O
 840 7 640 8 4 0 242  831281107     N INDIAN O
 840 7 740 8 412 247  822301 48     N INDIAN O
 840 7 840 8 5 0 251  817311 30     N INDIAN O
 840 8 140 82512 218  901999-99     N INDIAN O
 840 8 240 826 0 218  896270 23     N INDIAN O
 840 8 340 82612 218  890270 28     N INDIAN O
 840 8 440 827 0 218  884270 28     N INDIAN O
 840 8 540 82712 225  880332 40     N INDIAN O
 840 8 640 828 0 231  877335 33     N INDIAN O
 840 8 740 82812 236  860288 82     N INDIAN O
 840 8 840 829 0 241  844289 78     N INDIAN O
 840 8 940 82912 248  834308 58     N INDIAN O
 840 81040 830 0 255  827318 48     N INDIAN O
 84110 141 82412 225  893999-99     N INDIAN O
 84110 241 825 0 231  891343 31     N INDIAN O
 84110 341 82512 238  889345 36     N INDIAN O
 84110 441 826 0 244  884323 38     N INDIAN O
 84110 541 82612 251  869297 77     N INDIAN O
 84110 641 827 0 259  860315 57     N INDIAN O
 84111 141 8 712 195  892999-99     N INDIAN O
 84111 241 8 8 0 206  885329 64     N INDIAN O
 84111 341 8 812 220  872319 93     N INDIAN O
 84111 441 8 9 0 224  854284 86     N INDIAN O
 84111 541 8 912 230  824282142     N INDIAN O
 84111 641 810 0 235  794280140     N INDIAN O
 84111 741 81012 235  779270 69     N INDIAN O
 84111 841 811 0 236  769276 46     N INDIAN O
 84111 941 81112 237  763280 28     N INDIAN O
 841111041 812 0 240  757299 32     N INDIAN O
 841111141 81212 247  745303 65     N INDIAN O
 841111241 813 0 255  737318 54     N INDIAN O
 84112 141 83012 247  861999-99     N INDIAN O
 84112 241 831 0 248  856282 23     N INDIAN O
 84112 341 83112 252  847296 46     N INDIAN O
 84112 441 9 1 0 254  839286 38     N INDIAN O
 84112 541 9 112 259  826293 63     N INDIAN O
 84112 641 9 2 0 265  817307 50     N INDIAN O
 84113 141 81412 187  923999-99     N INDIAN O
 84113 241 815 0 191  923360 20     N INDIAN O
 84113 341 81512 205  923360 70     N INDIAN O
 84113 441 816 0 218  917337 71     N INDIAN O
 84113 541 81612 220  899277 84     N INDIAN O
 84113 641 817 0 221  883274 74     N INDIAN O
 84113 741 81712 230  860293115     N INDIAN O
 84113 841 818 0 239  842299 94     N INDIAN O
 84113 941 81812 243  820281103     N INDIAN O
 841131041 819 0 242  797267105     N INDIAN O
 841131141 81912 241  786264 51     N INDIAN O
 841131241 820 0 240  778262 37     N INDIAN O
 842 7 142 73112 217  907999-99     N INDIAN O
 842 7 242 8 1 0 216  902258 24     N INDIAN O
 842 7 342 8 112 214  892258 48     N INDIAN O
 842 7 442 8 2 0 211  879256 63     N INDIAN O
 842 7 542 8 212 208  858261 99     N INDIAN O
 842 7 642 8 3 0 210  839276 89     N INDIAN O
 842 7 742 8 312 213  810276136     N INDIAN O
 842 7 842 8 4 0 220  782285135     N INDIAN O
 842 7 942 8 412 230  756293130     N INDIAN O
 842 71042 8 5 0 242  731298129     N INDIAN O
 842 71142 8 512 247  714288 82     N INDIAN O
 842 71242 8 6 0 254  696293 88     N INDIAN O
 842 8 142 82812 181  901999-99     N INDIAN O
 842 8 242 829 0 184  899328 18     N INDIAN O
 842 8 342 82912 187  894302 28     N INDIAN O
 842 8 442 830 0 193  885305 52     N INDIAN O
 842 8 542 83012 201  872303 73     N INDIAN O
 842 8 642 831 0 209  859303 73     N INDIAN O
 842 8 742 83112 217  834289123     N INDIAN O
 842 8 842 9 1 0 224  817294 86     N INDIAN O
 842 8 942 9 112 233  809321 58     N INDIAN O
 842 81042 9 2 0 240  799307 58     N INDIAN O
 842 81142 9 212 242  789282 47     N INDIAN O
 842 81242 9 3 0 246  776289 63     N INDIAN O
 842 81342 9 312 255  769325 55     N INDIAN O
 842 81442 9 4 0 266  762330 63     N INDIAN O
 842 81542 9 412 270  752294 49     N INDIAN O
 842 81642 9 5 0 275  742299 51     N INDIAN O
 842 81742 9 512 281  740344 32     N INDIAN O
 842 81842 9 6 0 286  741 10 25     N INDIAN O
 842 81942 9 612 288  744 53 17     N INDIAN O
 842 82042 9 7 0 290  748 60 20     N INDIAN O
 842 82142 9 712 292  754 69 28     N INDIAN O
 842 82242 9 8 0 292  759 90 22     N INDIAN O
 843 7 143 82012 225  885999-99     N INDIAN O
 843 7 243 821 0 230  853280150     N INDIAN O
 843 7 343 82112 236  837292 79     N INDIAN O
 843 7 443 822 0 240  821285 76     N INDIAN O
 843 7 543 82212 243  813292 39     N INDIAN O
 843 7 643 823 0 244  801275 55     N INDIAN O
 843 8 143 8 312 217  897999-99     N INDIAN O
 843 8 243 8 4 0 216  892258 24     N INDIAN O
 843 8 343 8 412 216  885270 33     N INDIAN O
 843 8 443 8 5 0 220  877298 43     N INDIAN O
 843 8 543 8 512 235  863319 99     N INDIAN O
 843 8 643 8 6 0 246  847307 92     N INDIAN O
 843 8 743 8 612 252  836301 58     N INDIAN O
 843 8 843 8 7 0 256  827296 45     N INDIAN O
 843 8 943 8 712 260  818296 45     N INDIAN O
 843 81043 8 8 0 264  813312 30     N INDIAN O
 844 9 144 82312 207  910999-99     N INDIAN O
 844 9 244 824 0 211  905311 31     N INDIAN O
 844 9 344 82412 222  895320 72     N INDIAN O
 844 9 444 825 0 230  884308 65     N INDIAN O
 844 9 544 82512 236  873301 59     N INDIAN O
 844 9 644 826 0 239  861285 57     N INDIAN O
 844 9 744 82612 240  854279 33     N INDIAN O
 844 9 844 827 0 243  848299 31     N INDIAN O
 844 9 944 82712 248  836295 60     N INDIAN O
 844 91044 828 0 254  827306 51     N INDIAN O
 844 91144 82812 258  818296 45     N INDIAN O
 844 91244 829 0 263  812313 37     N INDIAN O
 844 91344 82912 265  810318 13     N INDIAN O
 844 91444 830 0 270  807332 28     N INDIAN O
 844 91544 83012 274  803318 27     N INDIAN O
 844 91644 831 0 276  800307 17     N INDIAN O
 844 91744 83112 278  796300 20     N INDIAN O
 844 91844 9 1 0 279  792286 18     N INDIAN O
 84410 144 81012 244  788999-99     N INDIAN O
 84410 244 811 0 245  784285 19     N INDIAN O
 84410 344 81112 255  769306 84     N INDIAN O
 84410 444 812 0 259  762302 38     N INDIAN O
 84410 544 81212 271  746310 93     N INDIAN O
 84410 644 813 0 280  731304 80     N INDIAN O
 84411 144 81312 234  845999-99     N INDIAN O
 84411 244 814 0 231  844197 16     N INDIAN O
 84411 344 81412 224  833235 62     N INDIAN O
 84411 444 815 0 220  823247 51     N INDIAN O
 84411 544 81512 215  811246 61     N INDIAN O
 84411 644 816 0 210  797249 70     N INDIAN O
 84411 744 81612 209  773267113     N INDIAN O
 84411 844 817 0 209  749270113     N INDIAN O
 84411 944 81712 208  726267108     N INDIAN O
 844111044 818 0 197  704242117     N INDIAN O
 844111144 81812 203  686290 90     N INDIAN O
 844111244 819 0 207  669284 83     N INDIAN O
 84412 144 81712 187  898999-99     N INDIAN O
 84412 244 818 0 189  890285 39     N INDIAN O
 84412 344 81812 193  880293 52     N INDIAN O
 84412 444 819 0 197  870293 51     N INDIAN O
 84412 544 81912 204  841284141     N INDIAN O
 84412 644 820 0 210  821288 98     N INDIAN O
 84412 744 82012 214  810291 55     N INDIAN O
 84412 844 821 0 220  800303 55     N INDIAN O
 84412 944 82112 226  788298 63     N INDIAN O
 844121044 822 0 232  780309 48     N INDIAN O
 844121144 82212 247  768324 93     N INDIAN O
 844121244 823 0 260  759328 77     N INDIAN O
 845 5 145 83012 156  849999-99     N INDIAN O
 845 5 245 831 0 156  842270 34     N INDIAN O
 845 5 345 83112 156  838270 19     N INDIAN O
 845 5 445 9 1 0 157  834285 20     N INDIAN O
 846 5 146 81612 199  908999-99     N INDIAN O
 846 5 246 817 0 199  899270 42     N INDIAN O
 846 5 346 81712 199  889270 47     N INDIAN O
 846 5 446 818 0 199  880270 43     N INDIAN O
 846 5 546 81812 201  865278 71     N INDIAN O
 846 5 646 819 0 216  854326 91     N INDIAN O
 846 6 146 8 412 195  903999-99     N INDIAN O
 846 6 246 8 5 0 203  895317 55     N INDIAN O
 846 6 346 8 512 211  888321 52     N INDIAN O
 846 6 446 8 6 0 217  880309 48     N INDIAN O
 846 6 546 8 612 230  848294162     N INDIAN O
 846 6 646 8 7 0 235  810278177     N INDIAN O
 846 6 746 8 712 238  792280 84     N INDIAN O
 846 6 846 8 8 0 247  779307 74     N INDIAN O
 846 6 946 8 812 254  778353 35     N INDIAN O
 846 61046 8 9 0 261  778360 35     N INDIAN O
 846 7 146 73112 203  885999-99     N INDIAN O
 846 7 246 8 1 0 208  882331 29     N INDIAN O
 846 7 346 8 112 212  878317 28     N INDIAN O
 846 7 446 8 2 0 217  874323 31     N INDIAN O
 846 7 546 8 212 230  855307109     N INDIAN O
 846 7 646 8 3 0 239  833294111     N INDIAN O
 846 7 746 8 312 245  803282140     N INDIAN O
 846 7 846 8 4 0 247  777275118     N INDIAN O
 846 7 946 8 412 248  748272132     N INDIAN O
 846 71046 8 5 0 249  720272128     N INDIAN O
 847 8 147 82612 183  895999-99     N INDIAN O
 847 8 247 827 0 190  890326 42     N INDIAN O
 847 8 347 82712 199  881317 62     N INDIAN O
 847 8 447 828 0 206  870304 63     N INDIAN O
 847 8 547 82812 214  846290119     N INDIAN O
 847 8 647 829 0 221  829294 87     N INDIAN O
 847 9 147 82012 169  875999-99     N INDIAN O
 847 9 247 821 0 170  870282 24     N INDIAN O
 847 9 347 82112 170  863270 33     N INDIAN O
 847 9 447 822 0 175  861339 27     N INDIAN O
 847 9 547 82212 181  865 32 36     N INDIAN O
 847 9 647 823 0 187  868 25 33     N INDIAN O
 847 9 747 82312 194  872 28 40     N INDIAN O
 847 9 847 824 0 199  874 21 27     N INDIAN O
 847 9 947 82412 217  864333102     N INDIAN O
 847 91047 825 0 230  838298137     N INDIAN O
 847 91147 82512 233  814278112     N INDIAN O
 847 91247 826 0 237  794282 94     N INDIAN O
 847 91347 82612 239  780279 65     N INDIAN O
 847 91447 827 0 242  768285 57     N INDIAN O
 847 91547 82712 248  738282140     N INDIAN O
 847 91647 828 0 257  708288143     N INDIAN O
 848 9 148 81112 177  865999-99     N INDIAN O
 848 9 248 812 0 180  867 32 18     N INDIAN O
 848 9 348 81212 182  869 44 14     N INDIAN O
 848 9 448 813 0 184  871 44 14     N INDIAN O
 848 9 548 81312 195  873 10 56     N INDIAN O
 848 9 648 814 0 199  870325 24     N INDIAN O
 848 9 748 81412 208  859311 68     N INDIAN O
 848 9 848 815 0 216  845302 77     N INDIAN O
 848 9 948 81512 223  828294 87     N INDIAN O
 848 91048 816 0 231  816306 68     N INDIAN O
 84810 148 82212 208  888999-99     N INDIAN O
 84810 248 823 0 210  885306 17     N INDIAN O
 84810 348 82312 212  880293 25     N INDIAN O
 84810 448 824 0 214  876298 21     N INDIAN O
 849 7 149 8 1 0 195  882999-99     N INDIAN O
 849 7 249 8 112 208  864308107     N INDIAN O
 849 7 349 8 2 0 220  849311 92     N INDIAN O
 849 7 449 8 212 232  821295143     N INDIAN O
 849 7 549 8 3 0 242  791290146     N INDIAN O
 850 8 150 8 212 248  869999-99     N INDIAN O
 850 8 250 8 3 0 242  872156 33     N INDIAN O
 850 8 350 8 312 228  870188 71     N INDIAN O
 850 8 450 8 4 0 220  863219 52     N INDIAN O
 850 8 550 8 412 217  855248 40     N INDIAN O
 850 8 650 8 5 0 218  840274 70     N INDIAN O
 850 8 750 8 512 233  814302142     N INDIAN O
 850 8 850 8 6 0 249  794311122     N INDIAN O
 850 9 150 8 812 207  893999-99     N INDIAN O
 850 9 250 8 9 0 210  893360 15     N INDIAN O
 850 9 350 8 912 225  888343 78     N INDIAN O
 850 9 450 810 0 236  876315 78     N INDIAN O
 850 9 550 81012 237  873290 15     N INDIAN O
 850 9 650 811 0 238  869285 19     N INDIAN O
 850 9 750 81112 239  865285 19     N INDIAN O
 850 9 850 812 0 240  860282 23     N INDIAN O
 850 9 950 81212 243  849287 53     N INDIAN O
 850 91050 813 0 251  841318 54     N INDIAN O
 850 91150 81312 255  841360 20     N INDIAN O
 850 91250 814 0 261  843 17 32     N INDIAN O
 851 8 151 81512 198  899999-99     N INDIAN O
 851 8 251 816 0 204  894322 38     N INDIAN O
 851 8 351 81612 216  883319 79     N INDIAN O
 851 8 451 817 0 230  865310109     N INDIAN O
 852 8 152 81212 211  890999-99     N INDIAN O
 852 8 252 813 0 213  883287 34     N INDIAN O
 852 8 352 81312 217  865283 86     N INDIAN O
 852 8 452 814 0 223  846289 93     N INDIAN O
 852 9 152 81912 192  889999-99     N INDIAN O
 852 9 252 820 0 195  885309 24     N INDIAN O
 852 9 352 82012 204  870303 83     N INDIAN O
 852 9 452 821 0 214  855306 86     N INDIAN O
 853 5 153 8 912 202  903999-99     N INDIAN O
 853 5 253 810 0 202  898270 24     N INDIAN O
 853 5 353 81012 202  888270 47     N INDIAN O
 853 5 453 811 0 202  883270 23     N INDIAN O
 853 6 153 73112 198  897999-99     N INDIAN O
 853 6 253 8 1 0 201  894317 21     N INDIAN O
 853 6 353 8 112 207  889322 38     N INDIAN O
 853 6 453 8 2 0 213  880306 52     N INDIAN O
 853 6 553 8 212 217  863284 82     N INDIAN O
 853 6 653 8 3 0 216  842267 98     N INDIAN O
 853 6 753 8 312 219  823280 89     N INDIAN O
 853 6 853 8 4 0 227  806297 88     N INDIAN O
 853 6 953 8 412 233  798309 48     N INDIAN O
 853 61053 8 5 0 239  793323 38     N INDIAN O
 854 6 154 8 612 181  863999-99     N INDIAN O
 854 6 254 8 7 0 185  864 13 21     N INDIAN O
 854 6 354 8 712 193  865  7 40     N INDIAN O
 854 6 454 8 8 0 201  867 13 41     N INDIAN O
 854 6 554 8 812 208  869 15 36     N INDIAN O
 854 6 654 8 9 0 214  870  9 30     N INDIAN O
 855 5 155 82412 179  871999-99     N INDIAN O
 855 5 255 825 0 181  869316 14     N INDIAN O
 855 5 355 82512 185  865317 28     N INDIAN O
 855 5 455 826 0 188  860302 28     N INDIAN O
 855 5 555 82612 188  855270 23     N INDIAN O
 855 5 655 827 0 188  850270 23     N INDIAN O
 855 5 755 82712 193  838294 62     N INDIAN O
 855 5 855 828 0 201  831321 52     N INDIAN O
 856 8 156 81312 175  882999-99     N INDIAN O
 856 8 256 814 0 179  880335 22     N INDIAN O
 856 8 356 81412 185  877335 33     N INDIAN O
 856 8 456 815 0 189  875335 23     N INDIAN O
 856 8 556 81512 198  877 12 46     N INDIAN O
 856 8 656 816 0 204  880 25 33     N INDIAN O
 856 8 756 81612 220  887 22 87     N INDIAN O
 856 8 856 817 0 233  890 12 67     N INDIAN O
 856 8 956 81712 233  890  0  0     N INDIAN O
 856 81056 818 0 233  890  0  0     N INDIAN O
 856 81156 81812 242  891  6 45     N INDIAN O
 856 81256 819 0 249  889345 36     N INDIAN O
 856 9 156 73112 191  879999-99     N INDIAN O
 856 9 256 8 1 0 195  878347 21     N INDIAN O
 856 9 356 8 112 199  875325 24     N INDIAN O
 856 9 456 8 2 0 202  874343 16     N INDIAN O
 856 9 556 8 212 205  872328 18     N INDIAN O
 856 9 656 8 3 0 209  870335 22     N INDIAN O
 856 9 756 8 312 219  852301 98     N INDIAN O
 856 9 856 8 4 0 230  824293141     N INDIAN O
 856 9 956 8 412 239  785284184     N INDIAN O
 856 91056 8 5 0 246  751283159     N INDIAN O
 856 91156 8 512 248  730276 96     N INDIAN O
 856 91256 8 6 0 249  710273 91     N INDIAN O
 85610 156 8 612 209  879999-99     N INDIAN O
 85610 256 8 7 0 212  879360 15     N INDIAN O
 85610 356 8 712 235  865331132     N INDIAN O
 85610 456 8 8 0 239  840280116     N INDIAN O
 85610 556 8 812 239  823270 78     N INDIAN O
 85610 656 8 9 0 245  807292 79     N INDIAN O
 85610 756 8 912 249  800302 38     N INDIAN O
 85610 856 810 0 257  797341 43     N INDIAN O
 857 2 157 81812 195  911999-99     N INDIAN O
 857 2 257 819 0 195  906270 24     N INDIAN O
 857 2 357 81912 195  895270 52     N INDIAN O
 857 2 457 820 0 195  886270 43     N INDIAN O
 857 2 557 82012 196  881282 24     N INDIAN O
 857 2 657 821 0 196  879270  9     N INDIAN O
 857 2 757 82112 198  862277 81     N INDIAN O
 857 2 857 822 0 201  845281 82     N INDIAN O
 857 2 957 82212 211  801284212     N INDIAN O
 857 21057 823 0 227  765296185     N INDIAN O
 857 21157 82312 241  751318 95     N INDIAN O
 857 21257 824 0 255  741327 83     N INDIAN O
 857 21357 82412 275  734343105     N INDIAN O
 857 21457 825 0 295  730350102     N INDIAN O
 858 5 158 82812 189  881999-99     N INDIAN O
 858 5 258 829 0 194  876317 34     N INDIAN O
 858 5 358 82912 198  867295 47     N INDIAN O
 858 5 458 830 0 199  855275 57     N INDIAN O
 858 5 558 83012 197  829265123     N INDIAN O
 858 5 658 831 0 201  800278138     N INDIAN O
 858 5 758 83112 208  794321 45     N INDIAN O
 858 5 858 9 1 0 214  790328 35     N INDIAN O
 858 5 958 9 112 233  775324118     N INDIAN O
 858 51058 9 2 0 250  760321109     N INDIAN O
 858 51158 9 212 259  749312 67     N INDIAN O
 858 51258 9 3 0 269  741324 62     N INDIAN O
 859 9 159 82412 184  864999-99     N INDIAN O
 859 9 259 825 0 186  860298 21     N INDIAN O
 859 9 359 82512 188  856298 22     N INDIAN O
 859 9 459 826 0 191  854328 18     N INDIAN O
 859 9 559 82612 202  841312 83     N INDIAN O
 859 9 659 827 0 215  826313 96     N INDIAN O
 85910 159 8 212 235  888999-99     N INDIAN O
 85910 259 8 3 0 235  883270 23     N INDIAN O
 85910 359 8 312 235  871270 55     N INDIAN O
 85910 459 8 4 0 236  860276 51     N INDIAN O
 85910 559 8 412 237  842274 83     N INDIAN O
 85910 659 8 5 0 238  822273 92     N INDIAN O
 85910 759 8 512 242  808287 67     N INDIAN O
 85910 859 8 6 0 246  792285 76     N INDIAN O
 860 5 160 8 812 210  890999-99     N INDIAN O
 860 5 260 8 9 0 210  885270 23     N INDIAN O
 860 5 360 8 912 222  857295143     N INDIAN O
 860 5 460 810 0 235  835303120     N INDIAN O
 860 6 160 82312 200  895999-99     N INDIAN O
 860 6 260 824 0 204  895360 20     N INDIAN O
 860 6 360 82412 226  880328130     N INDIAN O
 860 6 460 825 0 239  860305113     N INDIAN O
 860 6 560 82512 248  840296102     N INDIAN O
 860 6 660 826 0 256  819293103     N INDIAN O
 860 6 760 82612 264  804301 78     N INDIAN O
 860 6 860 827 0 269  799318 33     N INDIAN O
 860 6 960 82712 274  776284105     N INDIAN O
 860 61060 828 0 279  764295 58     N INDIAN O
 860 7 160 81212 193  901999-99     N INDIAN O
 860 7 260 813 0 199  895317 41     N INDIAN O
 860 7 360 81312 206  889321 45     N INDIAN O
 860 7 460 814 0 214  885335 44     N INDIAN O
 860 7 560 81412 218  875293 51     N INDIAN O
 860 7 660 815 0 219  865276 47     N INDIAN O
 860 7 760 81512 219  855270 47     N INDIAN O
 860 7 860 816 0 221  850293 25     N INDIAN O
 860 7 960 81612 225  845311 31     N INDIAN O
 860 71060 817 0 229  840311 31     N INDIAN O
 860 71160 81712 241  822306102     N INDIAN O
 860 71260 818 0 250  800294110     N INDIAN O
 860 71360 81812 256  783291 83     N INDIAN O
 860 71460 819 0 261  770293 63     N INDIAN O
 860 71560 81912 265  764307 33     N INDIAN O
 860 71660 820 0 269  760318 27     N INDIAN O
 863 7 163 8 812 197  889999-99     N INDIAN O
 863 7 263 8 9 0 200  888343 16     N INDIAN O
 863 7 363 8 912 217  873321110     N INDIAN O
 863 7 463 810 0 223  865309 48     N INDIAN O
 863 7 563 81012 228  853294 61     N INDIAN O
 863 7 663 811 0 233  842296 57     N INDIAN O
 863 7 763 81112 239  814283132     N INDIAN O
 863 7 863 812 0 248  794296102     N INDIAN O
 863 7 963 81212 265  779322108     N INDIAN O
 863 71063 813 0 273  772322 51     N INDIAN O
 863 71163 81312 281  764319 53     N INDIAN O
 863 71263 814 0 283  761307 17     N INDIAN O
 863 71363 81412 290  754319 47     N INDIAN O
 863 71463 815 0 293  750311 23     N INDIAN O
 864 4 164 8 612 186  712999-99     N INDIAN O
 864 4 264 8 7 0 191  714 21 27     N INDIAN O
 864 4 364 8 712 200  718 23 49     N INDIAN O
 864 5 164 8 412 193  883999-99     N INDIAN O
 864 5 264 8 5 0 193  880270 14     N INDIAN O
 864 5 364 8 512 194  870276 48     N INDIAN O
 864 5 464 8 6 0 195  864280 28     N INDIAN O
 864 5 564 8 612 200  857307 42     N INDIAN O
 864 6 164 8 812 195  900999-99     N INDIAN O
 864 6 264 8 9 0 195  891270 42     N INDIAN O
 864 6 364 8 912 196  884279 33     N INDIAN O
 864 6 464 810 0 197  879282 24     N INDIAN O
 864 6 564 81012 203  868300 60     N INDIAN O
 864 6 664 811 0 213  858317 68     N INDIAN O
 864 6 764 81112 230  830303155     N INDIAN O
 864 6 864 812 0 236  796281159     N INDIAN O
 864 6 964 81212 245  773293114     N INDIAN O
 864 7 164 81412 205  879999-99     N INDIAN O
 864 7 264 815 0 209  874311 31     N INDIAN O
 864 7 364 81512 224  858315106     N INDIAN O
 864 7 464 816 0 238  843315 98     N INDIAN O
 864 8 164 82212 218  878999-99     N INDIAN O
 864 8 264 823 0 222  873311 31     N INDIAN O
 864 8 364 82312 226  864296 46     N INDIAN O
 864 8 464 824 0 231  854299 53     N INDIAN O
 864 8 564 82412 233  848290 29     N INDIAN O
 864 8 664 825 0 234  844285 19     N INDIAN O
 864 8 764 82512 239  822284104     N INDIAN O
 864 8 864 826 0 245  802288 96     N INDIAN O
 864 8 964 82612 249  786285 75     N INDIAN O
 865 6 165 83012 186  908999-99     N INDIAN O
 865 6 265 831 0 186  903270 24     N INDIAN O
 865 6 365 83112 187  876272128     N INDIAN O
 865 6 465 9 1 0 192  853283112     N INDIAN O
 865 6 565 9 112 199  838296 79     N INDIAN O
 865 6 665 9 2 0 204  828298 53     N INDIAN O
 865 6 765 9 212 240  801325219     N INDIAN O
 865 6 865 9 3 0 245  788293 64     N INDIAN O
 865 6 965 9 312 248  773282 70     N INDIAN O
 865 61065 9 4 0 256  762309 64     N INDIAN O
 865 61165 9 412 272  772 29 92     N INDIAN O
 865 7 165 823 0 203  873999-99     N INDIAN O
 865 7 265 82312 210  873360 35     N INDIAN O
 865 7 365 824 0 217  872352 35     N INDIAN O
 865 7 465 82412 231  839295168     N INDIAN O
 865 7 565 825 0 244  817303120     N INDIAN O
 867 6 167 81712 210  903999-99     N INDIAN O
 867 6 267 818 0 211  900290 15     N INDIAN O
 867 6 367 81812 212  891277 43     N INDIAN O
 867 6 467 819 0 214  885290 30     N INDIAN O
 868 5 168 8 212 216  899999-99     N INDIAN O
 868 5 268 8 3 0 221  895323 31     N INDIAN O
 868 5 368 8 312 230  870291124     N INDIAN O
 868 5 468 8 4 0 231  845273115     N INDIAN O
 868 5 568 8 412 229  817266129     N INDIAN O
 868 5 668 8 5 0 226  791263121     N INDIAN O
 868 5 768 8 512 224  760266143     N INDIAN O
 868 5 868 8 6 0 225  746274 65     N INDIAN O
 868 5 968 8 612 225  723270106     N INDIAN O
 868 51068 8 7 0 226  715278 38     N INDIAN O
 868 51168 8 712 229  695279 93     N INDIAN O
 868 51268 8 8 0 234  690317 34     N INDIAN O
 868 51368 8 812 252  684343 94     N INDIAN O
 868 6 168 82112 187  903999-99     N INDIAN O
 868 6 268 822 0 190  900317 21     N INDIAN O
 868 6 368 82212 201  891322 69     N INDIAN O
 868 6 468 823 0 213  884331 68     N INDIAN O
 868 6 568 82312 226  879340 69     N INDIAN O
 868 6 668 824 0 240  875345 73     N INDIAN O
 868 7 168 81012 218  907999-99     N INDIAN O
 868 7 268 811 0 221  900295 36     N INDIAN O
 868 7 368 81112 225  889292 55     N INDIAN O
 868 7 468 812 0 227  881285 38     N INDIAN O
 868 7 568 81212 228  861273 93     N INDIAN O
 868 7 668 813 0 229  840273 97     N INDIAN O
 868 7 768 81312 232  830288 48     N INDIAN O
 868 7 868 814 0 236  818290 58     N INDIAN O
 869 5 169 8 712 213  899999-99     N INDIAN O
 869 5 269 8 8 0 215  895298 21     N INDIAN O
 869 5 369 8 812 228  888334 73     N INDIAN O
 869 6 169 81212 208  899999-99     N INDIAN O
 869 6 269 813 0 211  894303 28     N INDIAN O
 869 6 369 81312 215  877284 82     N INDIAN O
 869 6 469 814 0 220  859287 88     N INDIAN O
 869 6 569 81412 235  842314108     N INDIAN O
 869 6 669 815 0 240  818283113     N INDIAN O
 869 6 769 81512 251  799303103     N INDIAN O
 869 6 869 816 0 254  778279 96     N INDIAN O
 870 7 170 817 0 179  857999-99     N INDIAN O
 870 7 270 81712 187  855347 41     N INDIAN O
 870 7 370 818 0 196  845314 65     N INDIAN O
 870 7 470 81812 195  813268151     N INDIAN O
 870 7 570 819 0 200  801294 62     N INDIAN O
 870 7 670 81912 208  787301 77     N INDIAN O
 871 7 171 8 712 213  883999-99     N INDIAN O
 871 7 271 8 8 0 216  878303 28     N INDIAN O
 871 7 371 8 812 224  868311 61     N INDIAN O
 871 7 471 8 9 0 226  856280 57     N INDIAN O
 871 7 571 8 912 238  847325 73     N INDIAN O
 871 8 171 830 0 229  816999-99     N INDIAN O
 871 8 271 83012 236  807310 54     N INDIAN O
 871 8 371 831 0 244  801326 48     N INDIAN O
 871 8 471 83112 249  798331 28     N INDIAN O
 872 6 172 8 5 0 222  890999-99     N INDIAN O
 872 6 272 8 512 234  836284256     N INDIAN O
 872 6 372 8 6 0 239  869 81153     N INDIAN O
 872 6 472 8 612 243  855287 67     N INDIAN O
 872 6 572 8 7 0 244  844276 50     N INDIAN O
 872 6 672 8 712 245  830275 64     N INDIAN O
 872 6 772 8 8 0 247  814278 73     N INDIAN O
 872 6 872 8 812 255  801304 71     N INDIAN O
 872 6 972 8 9 0 263  786301 78     N INDIAN O
 872 61072 8 912 267  779303 38     N INDIAN O
 872 61172 810 0 268  777299 10     N INDIAN O
 872 61272 81012 272  775336 22     N INDIAN O
 872 61372 811 0 272  775  0  0     N INDIAN O
 872 61472 81112 279  773346 36     N INDIAN O
 872 61572 812 0 283  771336 22     N INDIAN O
 872 61672 81212 288  764309 40     N INDIAN O
 872 7 172 812 0 216  895999-99     N INDIAN O
 872 7 272 81212 221  878288 83     N INDIAN O
 872 7 372 813 0 222  859273 88     N INDIAN O
 872 7 472 81312 223  845274 65     N INDIAN O
 872 7 572 814 0 225  832279 61     N INDIAN O
 872 7 672 81412 228  821287 53     N INDIAN O
 872 7 772 815 0 234  809299 63     N INDIAN O
 872 7 872 81512 240  797299 63     N INDIAN O
 872 7 972 816 0 241  793285 19     N INDIAN O
 872 71072 81612 238  786245 35     N INDIAN O
 872 71172 817 0 233  782216 31     N INDIAN O
 872 71272 81712 232  779250 15     N INDIAN O
 872 71372 818 0 231  776250 15     N INDIAN O
 872 71472 81812 235  767296 46     N INDIAN O
 872 71572 819 0 244  761329 53     N INDIAN O
 872 71672 81912 256  754332 68     N INDIAN O
 872 71772 820 0 262  739294 74     N INDIAN O
 872 8 172 828 0 237  856999-99     N INDIAN O
 872 8 272 82812 241  837283 89     N INDIAN O
 872 8 372 829 0 241  819270 83     N INDIAN O
 872 8 472 82912 241  806270 59     N INDIAN O
 872 8 572 830 0 241  799270 32     N INDIAN O
 872 8 672 83012 246  788297 56     N INDIAN O
 872 8 772 831 0 250  783311 30     N INDIAN O
 873 7 173 814 0 266  759999-99     N INDIAN O
 873 7 273 81412 271  738285 97     N INDIAN O
 873 7 373 815 0 275  725289 61     N INDIAN O
 873 7 473 81512 272  712255 60     N INDIAN O
 873 7 573 816 0 271  710241 10     N INDIAN O
 873 7 673 81612 269  709204 11     N INDIAN O
 873 7 773 817 0 266  710163 16     N INDIAN O
 873 7 873 81712 263  715124 27     N INDIAN O
 873 7 973 818 0 261  720114 25     N INDIAN O
 873 71073 81812 262  728 82 36     N INDIAN O
 873 8 173 826 0 210  880999-99     N INDIAN S
 873 8 273 82612 216  864292 80     N INDIAN S
 873 8 373 827 0 223  860332 40     N INDIAN S
 873 8 473 82712 233  848312 75     N INDIAN S
 873 8 573 828 0 236  827279 97     N INDIAN S
 873 8 673 82812 236  809270 82     N INDIAN S
 873 8 773 829 0 237  800277 41     N INDIAN S
 873 8 873 82912 239  789281 51     N INDIAN S
 873 8 973 830 0 244  778297 56     N INDIAN S
 873 81073 83012 249  768299 52     N INDIAN S
 873 81173 831 0 256  760314 50     N INDIAN S
 873 81273 83112 261  737284106     N INDIAN S
 874 5 174 8 8 0 189  870999-99     N INDIAN S
 874 5 274 8 812 197  870360 40     N INDIAN S
 874 5 374 8 9 0 204  870360 35     N INDIAN S
 874 5 474 8 912 215  866341 58     N INDIAN S
 874 6 174 813 0 219  893999-99     N INDIAN S
 874 6 274 81312 216  890223 20     N INDIAN S
 874 6 374 814 0 214  888223 14     N INDIAN S
 874 6 474 81412 212  884242 21     N INDIAN S
 874 6 574 815 0 214  874282 48     N INDIAN S
 874 6 674 81512 220  862298 63     N INDIAN S
 874 6 774 816 0 225  852298 53     N INDIAN S
 874 6 874 81612 221  836255 77     N INDIAN S
 874 6 974 817 0 220  823265 60     N INDIAN S
 874 61074 81712 223  813288 49     N INDIAN S
 874 61174 818 0 228  807312 37     N INDIAN S
 874 61274 81812 234  794297 67     N INDIAN S
 874 61374 819 0 238  783292 54     N INDIAN S
 874 61474 81912 243  777312 37     N INDIAN S
 874 61574 820 0 249  771318 41     N INDIAN S
 87510 175 8 5 0 189  876999-99     N INDIAN O
 87510 275 8 512 195  870317 41     N INDIAN O
 87510 375 8 6 0 207  870360 60     N INDIAN O
 87510 475 8 612 222  856319 99     N INDIAN O
 87510 575 8 7 0 233  825291153     N INDIAN O
 87511 175 817 0 200  886999-99     N INDIAN R
 87511 275 81712 206  880317 41     N INDIAN R
 87511 375 818 0 216  879355 50     N INDIAN R
 87511 475 81812 226  873331 57     N INDIAN R
 87511 575 819 0 234  861306 68     N INDIAN R
 87511 675 81912 237  853292 40     N INDIAN R
 87511 775 820 0 245  843311 61     N INDIAN R
 87511 875 82012 250  834302 48     N INDIAN R
 87511 975 821 0 251  831290 14     N INDIAN R
 875111075 82112 252  825280 28     N INDIAN R
 875111175 822 0 252  825360  0     N INDIAN R
 875111275 82212 256  820312 30     N INDIAN R
 875111375 823 0 258  816299 21     N INDIAN R
 875111475 82312 266  817  6 40     N INDIAN R
 875111575 824 0 268  819 42 13     N INDIAN R
 875111675 82412 273  824 42 33     N INDIAN R
 876 4 176 8 1 0 194  876999-99     N INDIAN S
 876 4 276 8 112 201  869317 48     N INDIAN S
 876 4 376 8 2 0 213  845298127     N INDIAN S
 876 4 476 8 212 222  817289138     N INDIAN S
 876 4 576 8 3 0 227  808301 48     N INDIAN S
 876 4 676 8 312 240  797322 82     N INDIAN S
 876 4 776 8 4 0 247  795345 36     N INDIAN S
 876 5 176 812 0 202  893999-99     N INDIAN R
 876 5 276 81212 216  878315 99     N INDIAN R
 876 5 376 813 0 220  871302 38     N INDIAN R
 876 5 476 81312 230  856306 85     N INDIAN R
 876 5 576 814 0 236  842295 71     N INDIAN R
 876 5 676 81412 243  828299 73     N INDIAN R
 876 5 776 815 0 253  807298108     N INDIAN R
 876 5 876 81512 273  770301194     N INDIAN R
 876 5 976 816 0 274  766286 18     N INDIAN R
 876 51076 81612 276  763307 17     N INDIAN R
 876 51176 817 0 278  764 24 11     N INDIAN R
 876 51276 81712 278  764360  0     N INDIAN R
 876 51376 818 0 286  769 29 46     N INDIAN R
 876 51476 81812 292  775 41 40     N INDIAN R
 876 51576 819 0 295  777 30 17     N INDIAN R
 876 6 176 827 0 206  827999-99     N INDIAN O
 876 6 276 82712 220  800299144     N INDIAN O
 876 6 376 828 0 227  782293 90     N INDIAN O
 876 6 476 82812 234  766295 81     N INDIAN O
 876 6 576 829 0 238  746282 94     N INDIAN O
 876 6 676 82912 238  726270 91     N INDIAN O
 876 6 776 830 0 237  715264 51     N INDIAN O
 876 6 876 83012 235  700262 69     N INDIAN O
 876 6 976 831 0 232  689254 53     N INDIAN O
 876 61076 83112 234  683290 29     N INDIAN O
 876 61176 9 1 0 237  664280 88     N INDIAN O
 876 61276 9 112 236  649266 69     N INDIAN O
 876 61376 9 2 0 232  641241 42     N INDIAN O
 876 61476 9 212 215  649157 93     N INDIAN O
 876 61576 9 3 0 210  660116 57     N INDIAN O
 876 61676 9 312 210  660360  0     N INDIAN O
 876 61776 9 4 0 207  667115 36     N INDIAN O
 876 61876 9 412 206  680 95 61     N INDIAN O
 876 61976 9 5 0 208  687 73 34     N INDIAN O
 876 62076 9 512 230  683350112     N INDIAN O
 876 62176 9 6 0 234  668286 72     N INDIAN O
 876 62276 9 612 235  649273 87     N INDIAN O
 876 62376 9 7 0 235  639270 46     N INDIAN O
 876 62476 9 712 234  629264 46     N INDIAN O
 876 62576 9 8 0 231  622245 35     N INDIAN O
 876 62676 9 812 228  613250 44     N INDIAN O
 876 62776 9 9 0 220  605223 54     N INDIAN O
 879 3 179 8 6 0 210  901999-99     N INDIAN S
 879 3 279 8 612 211  896282 24     N INDIAN S
 879 3 379 8 7 0 213  889287 34     N INDIAN S
 879 3 479 8 712 215  875279 66     N INDIAN S
 879 3 579 8 8 0 222  855291 99     N INDIAN S
 879 3 679 8 812 228  831285115     N INDIAN S
 879 3 779 8 9 0 233  809284104     N INDIAN S
 879 3 879 8 912 238  788285 99     N INDIAN S
 879 3 979 810 0 242  772285 76     N INDIAN S
 883 1 183 8 9 0 220  656999-99     N INDIAN S
 883 1 283 8 912 212  629252132     N INDIAN S
 883 1 383 810 0 208  602261128     N INDIAN S
 883 1 483 81012 204  576261123     N INDIAN S
