 4 1 1 1 1 42412  53  743999-99     N INDIAN O
 4 1 1 2 1 425 0  63  735322 64     N INDIAN O
 4 1 1 3 1 42512  72  727319 60     N INDIAN O
 4 1 1 4 1 426 0  85  717323 82     N INDIAN O
 4 1 1 5 1 42612  90  713322 32     N INDIAN O
 4 1 1 6 1 427 0  97  707320 46     N INDIAN O
 4 1 1 7 1 42712 103  700311 46     N INDIAN O
 4 1 1 8 1 428 0 111  689307 68     N INDIAN O
 4 1 1 9 1 42812 120  678310 70     N INDIAN O
 4 1 110 1 429 0 130  662303 93     N INDIAN O
 4 1 111 1 42912 140  650311 77     N INDIAN O
 4 1 112 1 430 0 151  637311 83     N INDIAN O
 4 1 113 1 43012 156  630307 42     N INDIAN O
 4 1 114 1 5 1 0 159  625302 28     N INDIAN O
 4 1 115 1 5 112 171  615321 77     N INDIAN O
 4 1 116 1 5 2 0 182  605319 73     N INDIAN O
 4 1 117 1 5 212 210  600351142     N INDIAN O
 4 1 118 1 5 3 0 231  610 24115     N INDIAN O
 4 1 119 1 5 312 257  645 51206     N INDIAN O
 4 1 120 1 5 4 0 279  679 54188     N INDIAN O
 4 1 121 1 5 412 300  701 43143     N INDIAN O
 4 1 122 1 5 5 0 319  720 41125     N INDIAN O
 410 1 110 41212 119  898999-99     N INDIAN O
 410 1 210 413 0 123  899 14 21     N INDIAN O
 410 1 310 41312 128  900 11 26     N INDIAN O
 410 1 410 414 0 132  901 14 21     N INDIAN O
 410 1 510 41412 150  905 12 92     N INDIAN O
 410 1 610 415 0 165  907  7 76     N INDIAN O
 410 1 710 41512 196  930 35190     N INDIAN O
 410 1 810 416 0 220  960 49184     N INDIAN O
 411 1 111 41412 127  865999-99     N INDIAN O
 411 1 211 415 0 137  867 11 51     N INDIAN O
 411 1 311 41512 146  867360 45     N INDIAN O
 411 1 411 416 0 156  869 11 51     N INDIAN O
 411 1 511 41612 175  880 29108     N INDIAN O
 411 1 611 417 0 190  895 44103     N INDIAN O
 420 1 120 42912 106  880999-99     N INDIAN O
 420 1 220 430 0 113  878344 36     N INDIAN O
 420 1 320 43012 118  877349 26     N INDIAN O
 420 1 420 5 1 0 122  876346 21     N INDIAN O
 420 1 520 5 112 128  875351 30     N INDIAN O
 420 1 620 5 2 0 132  876 14 21     N INDIAN O
 420 1 720 5 212 138  877  9 30     N INDIAN O
 420 1 820 5 3 0 142  877360 20     N INDIAN O
 420 1 920 5 312 153  884 32 64     N INDIAN O
 420 11020 5 4 0 160  890 40 45     N INDIAN O
 420 11120 5 412 176  907 46114     N INDIAN O
 420 11220 5 5 0 186  926 61103     N INDIAN O
 421 1 121 4 512  87  845999-99     N INDIAN O
 421 1 221 4 6 0  98  839332 63     N INDIAN O
 421 1 321 4 612 107  833327 54     N INDIAN O
 421 1 421 4 7 0 117  828334 56     N INDIAN O
 421 1 521 4 712 128  825345 57     N INDIAN O
 421 1 621 4 8 0 139  823350 56     N INDIAN O
 421 1 721 4 812 146  823360 35     N INDIAN O
 421 1 821 4 9 0 152  825 18 32     N INDIAN O
 422 1 122 41712  82  678999-99     N INDIAN O
 422 1 222 418 0  85  684 63 33     N INDIAN O
 422 1 322 41812  86  686 63 11     N INDIAN O
 422 1 422 419 0  88  690 63 23     N INDIAN O
 422 1 522 41912  90  695 68 27     N INDIAN O
 422 1 622 420 0  95  699 38 32     N INDIAN O
 422 1 722 42012  97  700 26 11     N INDIAN O
 422 1 822 421 0 100  701 18 16     N INDIAN O
 422 1 922 42112 103  700342 16     N INDIAN O
 422 11022 422 0 106  698327 18     N INDIAN O
 422 11122 42212 110  695324 25     N INDIAN O
 422 11222 423 0 115  690316 35     N INDIAN O
 422 11322 42312 119  687324 25     N INDIAN O
 422 11422 424 0 121  681289 31     N INDIAN O
 422 11522 42412 126  677322 32     N INDIAN O
 422 11622 425 0 129  674316 21     N INDIAN O
 422 2 122 41812  83  935999-99     N INDIAN O
 422 2 222 419 0  91  931334 45     N INDIAN O
 422 2 322 41912 102  928345 57     N INDIAN O
 422 2 422 420 0 115  922336 72     N INDIAN O
 422 2 522 42012 130  916339 81     N INDIAN O
 422 2 622 421 0 142  911338 65     N INDIAN O
 422 2 722 42112 156  906341 74     N INDIAN O
 422 2 822 422 0 167  902341 58     N INDIAN O
 422 2 922 42212 179  902360 60     N INDIAN O
 422 21022 423 0 192  905 12 67     N INDIAN O
 423 2 123 42612 131  941999-99     N INDIAN O
 423 2 223 427 0 139  930307 67     N INDIAN O
 423 2 323 42712 145  927334 33     N INDIAN O
 423 2 423 428 0 153  922329 47     N INDIAN O
 423 2 523 42812 162  915323 56     N INDIAN O
 423 2 623 429 0 176  913352 71     N INDIAN O
 424 2 124 42612  91  962999-99     N INDIAN O
 424 2 224 427 0  96  960339 27     N INDIAN O
 424 2 324 42712 101  955315 35     N INDIAN O
 424 2 424 428 0 106  951322 32     N INDIAN O
 424 2 524 42812 113  946325 43     N INDIAN O
 424 2 624 429 0 120  940320 46     N INDIAN O
 424 2 724 42912 125  936322 32     N INDIAN O
 424 2 824 430 0 125  936  0  0     N INDIAN O
 424 2 924 43012 125  936  0  0     N INDIAN O
 424 21024 5 1 0 125  936  0  0     N INDIAN O
 424 21124 5 112 133  938 14 41     N INDIAN O
 424 21224 5 2 0 141  941 20 43     N INDIAN O
 425 3 125 4 912 131  956999-99     N INDIAN O
 425 3 225 410 0 136  942290 73     N INDIAN O
 425 3 325 41012 139  937302 28     N INDIAN O
 425 3 425 411 0 144  932316 35     N INDIAN O
 425 3 525 41112 150  928327 36     N INDIAN O
 425 3 625 412 0 156  927351 30     N INDIAN O
 425 3 725 41212 166  935 38 63     N INDIAN O
 425 3 825 413 0 170  948 72 65     N INDIAN O
 435 2 135 42512 123  930999-99     N INDIAN O
 435 2 235 426 0 128  935 44 35     N INDIAN O
 435 2 335 42612 135  949 63 77     N INDIAN O
 435 2 435 427 0 140  960 65 59     N INDIAN O
 435 2 535 42712 141  964 76 20     N INDIAN O
 435 2 635 428 0 142  966 63 11     N INDIAN O
 436 1 136 42112  91  903999-99     N INDIAN O
 436 1 236 422 0  95  900324 25     N INDIAN O
 436 1 336 42212 106  890318 74     N INDIAN O
 436 1 436 423 0 126  885346103     N INDIAN O
 436 1 536 42312 132  886  9 30     N INDIAN O
 436 1 636 424 0 138  890 33 36     N INDIAN O
 436 1 736 42412 153  902 38 95     N INDIAN O
 436 1 836 425 0 166  914 42 87     N INDIAN O
 436 1 936 42512 176  925 46 73     N INDIAN O
 436 11036 426 0 187  937 46 79     N INDIAN O
 437 1 137 42712 139  970999-99     N INDIAN O
 437 1 237 428 0 142  967316 21     N INDIAN O
 437 1 337 42812 151  951300 89     N INDIAN O
 437 1 437 429 0 163  945334 67     N INDIAN O
 437 1 537 42912 176  945360 65     N INDIAN O
 437 1 637 430 0 207  962 27174     N INDIAN O
 437 2 137 41412  97  895999-99     N INDIAN O
 437 2 237 415 0 101  890309 32     N INDIAN O
 437 2 337 41512 114  873308106     N INDIAN O
 437 2 437 416 0 126  853302115     N INDIAN O
 437 2 537 41612 135  825288143     N INDIAN O
 437 2 637 417 0 138  802278113     N INDIAN O
 439 2 139 41112  65  821999-99     N INDIAN O
 439 2 239 412 0  70  820349 26     N INDIAN O
 439 2 339 41212  87  812335 94     N INDIAN O
 439 2 439 413 0 100  807339 69     N INDIAN O
 439 2 539 41312 113  799329 76     N INDIAN O
 439 2 639 414 0 126  792332 73     N INDIAN O
 445 1 145 42912 116  926999-99     N INDIAN O
 445 1 245 430 0 120  920304 36     N INDIAN O
 445 1 345 43012 129  906303 82     N INDIAN O
 445 1 445 5 1 0 142  890310102     N INDIAN O
 445 1 545 5 112 160  896 18 94     N INDIAN O
 445 1 645 5 2 0 172  910 48 90     N INDIAN O
 447 2 147 41712 128  965999-99     N INDIAN O
 447 2 247 418 0 130  960292 26     N INDIAN O
 447 2 347 41812 138  951312 59     N INDIAN O
 447 2 447 419 0 150  955 18 63     N INDIAN O
 447 3 147 41212  95  746999-99     N INDIAN O
 447 3 247 413 0  98  741301 29     N INDIAN O
 447 3 347 41312 104  732304 53     N INDIAN O
 447 3 447 414 0 112  724316 56     N INDIAN O
 447 3 547 41412 128  711322103     N INDIAN O
 447 3 647 415 0 148  702336109     N INDIAN O
 447 3 747 41512 167  698349 97     N INDIAN O
 447 3 847 416 0 180  698360 65     N INDIAN O
 447 3 947 41612 191  699  5 55     N INDIAN O
 447 31047 417 0 200  702 17 48     N INDIAN O
 447 31147 41712 209  711 43 62     N INDIAN O
 447 31247 418 0 216  720 50 55     N INDIAN O
 448 2 148 4 212 127  930999-99     N INDIAN O
 448 2 248 4 3 0 130  940 73 51     N INDIAN O
 448 2 348 4 312 134  949 66 48     N INDIAN O
 448 2 448 4 4 0 140  953 33 36     N INDIAN O
 448 2 548 4 412 146  957 33 36     N INDIAN O
 448 2 648 4 5 0 150  960 36 25     N INDIAN O
 449 1 149 42112 112  891999-99     N INDIAN O
 449 1 249 422 0 118  898 49 46     N INDIAN O
 449 1 349 42212 136  919 49137     N INDIAN O
 449 1 449 423 0 162  928 19137     N INDIAN O
 450 1 150 4 712  52  831999-99     N INDIAN O
 450 1 250 4 8 0  60  832  7 40     N INDIAN O
 450 1 350 4 812  70  835 17 53     N INDIAN O
 450 1 450 4 9 0  79  838 18 48     N INDIAN O
 450 1 550 4 912  97  848 29103     N INDIAN O
 450 1 650 410 0 111  859 38 88     N INDIAN O
 450 1 750 41012 120  866 37 57     N INDIAN O
 450 1 850 411 0 127  872 40 46     N INDIAN O
 450 1 950 41112 137  887 56 88     N INDIAN O
 450 11050 412 0 145  902 61 83     N INDIAN O
 451 1 151 41412  72  694999-99     N INDIAN O
 451 1 251 415 0  79  689325 43     N INDIAN O
 451 1 351 41512  79  689  0  0     N INDIAN O
 451 1 451 416 0  79  689  0  0     N INDIAN O
 451 1 551 41612  79  689  0  0     N INDIAN O
 451 1 651 417 0  79  689  0  0     N INDIAN O
 451 1 751 41712  79  689  0  0     N INDIAN O
 451 1 851 418 0  79  689  0  0     N INDIAN O
 451 1 951 41812 108  649306245     N INDIAN O
 451 11051 419 0 125  615297187     N INDIAN O
 451 11151 41912 129  607297 44     N INDIAN O
 451 11251 420 0 135  599308 49     N INDIAN O
 451 11351 42012 139  591297 43     N INDIAN O
 451 11451 421 0 144  584306 43     N INDIAN O
 451 11551 42112 147  580308 24     N INDIAN O
 451 11651 422 0 149  576297 22     N INDIAN O
 453 2 153 42912 121  910999-99     N INDIAN O
 453 2 253 430 0 146  920 21134     N INDIAN O
 453 2 353 43012 156  937 59 96     N INDIAN O
 456 2 156 42612  79  912999-99     N INDIAN O
 456 2 256 427 0  85  905311 46     N INDIAN O
 456 2 356 42712  85  905  0  0     N INDIAN O
 456 2 456 428 0  85  905  0  0     N INDIAN O
 456 2 556 42812 130  850310352     N INDIAN O
 456 2 656 429 0 140  829296113     N INDIAN O
 456 2 756 42912 150  800290149     N INDIAN O
 456 2 856 430 0 149  753269228     N INDIAN O
 456 2 956 43012 150  735273 88     N INDIAN O
 456 21056 5 1 0 155  724295 58     N INDIAN O
 456 21156 5 112 167  712316 83     N INDIAN O
 456 21256 5 2 0 180  709348 67     N INDIAN O
 466 1 166 428 0  78  878999-99     N INDIAN O
 466 1 266 42812  91  865315 92     N INDIAN O
 466 1 366 429 0 100  850301 87     N INDIAN O
 466 1 466 42912 104  843300 40     N INDIAN O
 466 1 566 430 0 109  840330 29     N INDIAN O
 466 1 666 43012 119  824303 93     N INDIAN O
 466 1 766 5 1 0 120  800272118     N INDIAN O
 466 1 866 5 112 122  778275108     N INDIAN O
 466 1 966 5 2 0 133  764309 88     N INDIAN O
 466 11066 5 212 153  748322127     N INDIAN O
 466 11166 5 3 0 162  741323 56     N INDIAN O
 466 11266 5 312 176  737345 73     N INDIAN O
 466 11366 5 4 0 182  746 55 53     N INDIAN O
 466 11466 5 412 187  761 71 75     N INDIAN O
 472 1 172 4 7 0  90  909999-99     N INDIAN O
 472 1 272 4 712  95  905322 32     N INDIAN O
 472 1 372 4 8 0 101  899315 43     N INDIAN O
 472 1 472 4 812 117  901  7 81     N INDIAN O
 472 1 572 4 9 0 131  905 16 73     N INDIAN O
 472 1 672 4 912 143  908 14 62     N INDIAN O
 472 1 772 410 0 152  909  6 45     N INDIAN O
 472 1 872 41012 163  909360 55     N INDIAN O
 472 1 972 411 0 171  921 55 70     N INDIAN O
 474 1 174 41412 120  619999-99     N INDIAN R
 474 1 274 415 0 131  611325 67     N INDIAN R
 474 1 374 41512 150  610357 95     N INDIAN R
 474 1 474 416 0 164  618 29 80     N INDIAN R
 474 1 574 41612 182  640 49138     N INDIAN R
 474 1 674 417 0 189  656 65 83     N INDIAN R
 476 1 176 429 0 123  925999-99     N INDIAN O
 476 1 276 42912 130  926  8 35     N INDIAN O
 476 1 376 430 0 134  928 26 22     N INDIAN O
 476 1 476 43012 145  935 32 65     N INDIAN O
 476 1 576 5 1 0 154  937 12 46     N INDIAN O
 476 1 676 5 112 170  940 10 81     N INDIAN O
 476 1 776 5 2 0 180  942 11 51     N INDIAN O
 476 1 876 5 212 190  947 25 55     N INDIAN O
 476 1 976 5 3 0 196  954 48 45     N INDIAN O
 482 1 182 43012 125  821999-99     N INDIAN R
 482 1 282 5 1 0 141  821360 80     N INDIAN R
 482 1 382 5 112 151  827 30 58     N INDIAN R
 482 1 482 5 2 0 161  836 41 66     N INDIAN R
 482 1 582 5 212 167  850 66 74     N INDIAN R
 482 1 682 5 3 0 172  865 71 76     N INDIAN R
 482 1 782 5 312 174  885 84 96     N INDIAN R
 482 1 882 5 4 0 175  909 88115     N INDIAN R
 482 1 982 5 412 174  943 92162     N INDIAN R
 482 11082 5 5 0 177  967 83115     N INDIAN R
 482 11182 5 512 181  974 59 39     N INDIAN R
