 9 0 8 1 0 91412 203  886999-99     N INDIAN O
 9 0 8 2 0 915 0 205  881293 26     N INDIAN O
 9 0 8 3 0 91512 206  878290 15     N INDIAN O
 9 0 8 4 0 916 0 207  876298 11     N INDIAN O
 9 0 8 5 0 91612 208  867277 43     N INDIAN O
 9 0 8 6 0 917 0 209  859278 38     N INDIAN O
 9 0 8 7 0 91712 209  859  0  0     N INDIAN O
 9 0 8 8 0 918 0 209  859  0  0     N INDIAN O
 9 0 8 9 0 91812 209  859  0  0     N INDIAN O
 9 0 810 0 919 0 209  859  0  0     N INDIAN O
 9 0 811 0 91912 209  859  0  0     N INDIAN O
 9 0 812 0 920 0 209  859  0  0     N INDIAN O
 9 0 813 0 92012 209  859  0  0     N INDIAN O
 9 0 814 0 921 0 209  859  0  0     N INDIAN O
 9 0 815 0 92112 209  849270 47     N INDIAN O
 9 0 816 0 922 0 209  840270 42     N INDIAN O
 9 0 817 0 92212 208  828265 57     N INDIAN O
 9 0 818 0 923 0 207  816265 57     N INDIAN O
 9 0 819 0 92312 209  801278 71     N INDIAN O
 9 0 820 0 924 0 216  792310 55     N INDIAN O
 9 0 821 0 92412 221  790340 27     N INDIAN O
 9 0 822 0 925 0 227  791  9 30     N INDIAN O
 9 0 823 0 92512 233  794 25 33     N INDIAN O
 9 0 824 0 926 0 239  799 37 38     N INDIAN O
 9 0 825 0 92612 248  809 45 64     N INDIAN O
 9 0 826 0 927 0 257  821 50 71     N INDIAN O
 9 1 2 1 1 92012 167  858999-99     N INDIAN O
 9 1 2 2 1 921 0 169  853293 26     N INDIAN O
 9 1 2 3 1 92112 174  844300 50     N INDIAN O
 9 1 2 4 1 922 0 179  838311 38     N INDIAN O
 9 1 2 5 1 92212 190  822306 93     N INDIAN O
 9 1 2 6 1 923 0 202  812322 77     N INDIAN O
 9 1 2 7 1 92312 213  804326 67     N INDIAN O
 9 1 2 8 1 924 0 229  799344 83     N INDIAN O
 9 2 8 1 2 92212 173  898999-99     N INDIAN O
 9 2 8 2 2 923 0 179  897351 30     N INDIAN O
 9 2 8 3 2 92312 191  894347 62     N INDIAN O
 9 2 8 4 2 924 0 202  890341 58     N INDIAN O
 9 2 8 5 2 92412 210  883321 52     N INDIAN O
 9 2 8 6 2 925 0 216  877317 41     N INDIAN O
 9 2 8 7 2 92512 234  862322113     N INDIAN O
 9 2 8 8 2 926 0 257  852338123     N INDIAN O
 9 2 9 1 2 83112 205  880999-99     N INDIAN O
 9 2 9 2 2 9 1 0 209  878335 22     N INDIAN O
 9 2 9 3 2 9 112 226  849302159     N INDIAN O
 9 2 9 4 2 9 2 0 232  813280168     N INDIAN O
 9 2 9 5 2 9 212 231  775268175     N INDIAN O
 9 2 9 6 2 9 3 0 232  736272179     N INDIAN O
 9 3 9 1 3 91012 233  899999-99     N INDIAN O
 9 3 9 2 3 911 0 232  892261 33     N INDIAN O
 9 3 9 3 3 91112 234  873277 88     N INDIAN O
 9 3 9 4 3 912 0 238  857285 76     N INDIAN O
 9 3 9 5 3 91212 244  841292 79     N INDIAN O
 9 3 9 6 3 913 0 250  827295 70     N INDIAN O
 9 3 9 7 3 91312 253  821299 31     N INDIAN O
 9 3 9 8 3 914 0 256  815299 31     N INDIAN O
 9 3 9 9 3 91412 261  809313 37     N INDIAN O
 9 3 910 3 915 0 265  802303 38     N INDIAN O
 9 4 7 1 4 9 912 182  869999-99     N INDIAN O
 9 4 7 2 4 910 0 182  864270 24     N INDIAN O
 9 4 7 3 4 91012 182  857270 33     N INDIAN O
 9 4 7 4 4 911 0 182  852270 23     N INDIAN O
 9 4 7 5 4 91112 182  841270 53     N INDIAN O
 9 4 7 6 4 912 0 182  831270 48     N INDIAN O
 9 4 7 7 4 91212 184  812276 91     N INDIAN O
 9 4 7 8 4 913 0 187  794280 87     N INDIAN O
 9 4 7 9 4 91312 196  778301 88     N INDIAN O
 9 4 710 4 914 0 203  768307 58     N INDIAN O
 9 4 711 4 91412 213  761327 60     N INDIAN O
 9 4 712 4 915 0 222  759348 46     N INDIAN O
 9 4 713 4 91512 238  759360 80     N INDIAN O
 9 4 714 4 916 0 251  762 12 67     N INDIAN O
 9 4 715 4 91612 265  772 33 83     N INDIAN O
 9 4 716 4 917 0 277  783 39 78     N INDIAN O
 9 5 5 1 5 92712 219  892999-99     N INDIAN O
 9 5 5 2 5 928 0 220  888285 19     N INDIAN O
 9 5 5 3 5 92812 226  871291 84     N INDIAN O
 9 5 5 4 5 929 0 237  857311 85     N INDIAN O
 9 5 5 5 5 92912 248  854346 57     N INDIAN O
 9 5 5 6 5 930 0 261  856  8 66     N INDIAN O
 9 5 6 1 5 92112 159  873999-99     N INDIAN O
 9 5 6 2 5 922 0 159  866270 34     N INDIAN O
 9 5 6 3 5 92212 159  861270 24     N INDIAN O
 9 5 6 4 5 923 0 161  857298 22     N INDIAN O
 9 5 6 5 5 92312 171  847316 69     N INDIAN O
 9 5 6 6 5 924 0 180  841328 53     N INDIAN O
 9 5 6 7 5 92412 194  831326 84     N INDIAN O
 9 5 6 8 5 925 0 204  822320 66     N INDIAN O
 9 5 6 9 5 92512 208  807286 73     N INDIAN O
 9 5 610 5 926 0 228  791323124     N INDIAN O
 9 5 7 1 5 9 612 186  863999-99     N INDIAN O
 9 5 7 2 5 9 7 0 191  865 21 27     N INDIAN O
 9 5 7 3 5 9 712 198  867 15 36     N INDIAN O
 9 5 7 4 5 9 8 0 204  864335 33     N INDIAN O
 9 5 7 5 5 9 812 211  836285136     N INDIAN O
 9 5 7 6 5 9 9 0 216  807281138     N INDIAN O
 9 5 7 7 5 9 912 226  779291139     N INDIAN O
 9 5 7 8 5 910 0 239  751297144     N INDIAN O
 9 5 7 9 5 91012 251  737313 88     N INDIAN O
 9 5 710 5 911 0 266  724322 95     N INDIAN O
 9 5 711 5 91112 296  720353151     N INDIAN O
 9 5 712 5 912 0 320  740 36148     N INDIAN O
 9 6 7 1 6 92312 170  885999-99     N INDIAN O
 9 6 7 2 6 924 0 174  882324 25     N INDIAN O
 9 6 7 3 6 92412 181  871304 63     N INDIAN O
 9 6 7 4 6 925 0 189  861310 62     N INDIAN O
 9 6 7 5 6 92512 196  847298 75     N INDIAN O
 9 6 7 6 6 926 0 204  837310 62     N INDIAN O
 9 6 7 7 6 92612 204  837  0  0     N INDIAN O
 9 6 7 8 6 927 0 204  837  0  0     N INDIAN O
 9 6 7 9 6 92712 229  822331143     N INDIAN O
 9 6 710 6 928 0 254  810336137     N INDIAN O
 9 6 8 1 6 91112 217  900999-99     N INDIAN O
 9 6 8 2 6 912 0 219  891284 43     N INDIAN O
 9 6 8 3 6 91212 231  849287203     N INDIAN O
 9 6 8 4 6 913 0 243  815291167     N INDIAN O
 9 6 8 5 6 91312 254  791297122     N INDIAN O
 9 6 8 6 6 914 0 267  770305114     N INDIAN O
 9 6 8 7 6 91412 288  758333118     N INDIAN O
 9 6 8 8 6 915 0 309  751344109     N INDIAN O
 9 710 1 7 83112 231  904999-99     N INDIAN O
 9 710 2 7 9 1 0 229  892260 56     N INDIAN O
 9 710 3 7 9 112 229  891270  5     N INDIAN O
 9 710 4 7 9 2 0 229  889270  9     N INDIAN O
 9 710 5 7 9 212 237  878308 64     N INDIAN O
 9 710 6 7 9 3 0 245  870318 54     N INDIAN O
 9 8 5 1 8 92312 167  853999-99     N INDIAN O
 9 8 5 2 8 924 0 167  845270 38     N INDIAN O
 9 8 5 3 8 92412 166  838262 34     N INDIAN O
 9 8 5 4 8 925 0 166  831270 33     N INDIAN O
 9 8 5 5 8 92512 165  823263 38     N INDIAN O
 9 8 5 6 8 926 0 165  817270 29     N INDIAN O
 9 8 5 7 8 92612 165  815270 10     N INDIAN O
 9 8 5 8 8 927 0 165  811270 19     N INDIAN O
 9 9 4 1 9 92012 208  886999-99     N INDIAN O
 9 9 4 2 9 921 0 208  881270 23     N INDIAN O
 9 9 4 3 9 92112 210  851274141     N INDIAN O
 9 9 4 4 9 922 0 213  820276145     N INDIAN O
 9 9 5 1 9 9 112 147  846999-99     N INDIAN O
 9 9 5 2 9 9 2 0 148  841282 25     N INDIAN O
 9 9 5 3 9 9 212 151  830286 55     N INDIAN O
 9 9 5 4 9 9 3 0 154  821289 46     N INDIAN O
 9 9 5 5 9 9 312 154  821  0  0     N INDIAN O
 9 9 5 6 9 9 4 0 154  821  0  0     N INDIAN O
 9 9 5 7 9 9 412 164  805303 92     N INDIAN O
 9 9 5 8 9 9 5 0 173  791304 81     N INDIAN O
 9 9 5 9 9 9 512 173  791  0  0     N INDIAN O
 9 9 510 9 9 6 0 173  791  0  0     N INDIAN O
 9 9 511 9 9 612 194  751299217     N INDIAN O
 9 9 512 9 9 7 0 213  710296214     N INDIAN O
 9 9 513 9 9 712 223  702323 63     N INDIAN O
 9 9 514 9 9 8 0 237  701356 70     N INDIAN O
 9 9 515 9 9 812 248  707 26 62     N INDIAN O
 9 9 516 9 9 9 0 258  716 39 64     N INDIAN O
 910 4 110 9 712 213  895999-99     N INDIAN O
 910 4 210 9 8 0 218  881291 70     N INDIAN O
 910 4 310 9 812 236  839295213     N INDIAN O
 910 4 410 9 9 0 255  801299198     N INDIAN O
 910 4 510 9 912 269  781308114     N INDIAN O
 910 4 610 910 0 284  770327 89     N INDIAN O
 911 6 111 91912 152  941999-99     N INDIAN O
 911 6 211 920 0 155  933291 41     N INDIAN O
 911 6 311 92012 161  920296 69     N INDIAN O
 911 6 411 921 0 166  908294 63     N INDIAN O
 911 6 511 92112 171  897295 58     N INDIAN O
 911 6 611 922 0 176  884292 67     N INDIAN O
 911 6 711 92212 179  869282 73     N INDIAN O
 911 6 811 923 0 181  857280 58     N INDIAN O
 911 6 911 92312 183  839277 86     N INDIAN O
 911 61011 924 0 189  826296 68     N INDIAN O
 911 61111 92412 199  815314 72     N INDIAN O
 911 61211 925 0 210  808329 64     N INDIAN O
 911 61311 92512 228  798333102     N INDIAN O
 911 61411 926 0 241  789328 77     N INDIAN O
 911 61511 92612 249  779311 61     N INDIAN O
 911 61611 927 0 257  771318 54     N INDIAN O
 911 61711 92712 267  767340 53     N INDIAN O
 911 61811 928 0 278  769  9 56     N INDIAN O
 912 4 112 9 412 218  890999-99     N INDIAN O
 912 4 212 9 5 0 218  886270 19     N INDIAN O
 912 4 312 9 512 224  855282147     N INDIAN O
 912 4 412 9 6 0 234  830294126     N INDIAN O
 912 4 512 9 612 249  803301144     N INDIAN O
 912 4 612 9 7 0 254  783285 94     N INDIAN O
 912 5 112 92112 148  849999-99     N INDIAN O
 912 5 212 922 0 152  846324 25     N INDIAN O
 912 5 312 92212 154  845334 11     N INDIAN O
 912 5 412 923 0 156  843316 14     N INDIAN O
 912 5 512 92312 166  835323 63     N INDIAN O
 912 5 612 924 0 173  827313 52     N INDIAN O
 912 5 712 92412 187  805304126     N INDIAN O
 912 5 812 925 0 203  781305138     N INDIAN O
 912 5 912 92512 222  776346 98     N INDIAN O
 912 51012 926 0 240  778  6 91     N INDIAN O
 914 6 114 91212 184  849999-99     N INDIAN O
 914 6 214 913 0 184  833270 76     N INDIAN O
 914 6 314 91312 184  815270 85     N INDIAN O
 914 6 414 914 0 187  798281 82     N INDIAN O
 914 6 514 91412 191  789295 47     N INDIAN O
 914 6 614 915 0 197  781309 48     N INDIAN O
 914 6 714 91512 211  761307117     N INDIAN O
 914 6 814 916 0 221  741298106     N INDIAN O
 914 6 914 91612 228  732310 54     N INDIAN O
 914 61014 917 0 236  727330 46     N INDIAN O
 914 61114 91712 256  729  5100     N INDIAN O
 914 61214 918 0 270  740 35 86     N INDIAN O
 915 4 115 9 512 195  865999-99     N INDIAN O
 915 4 215 9 6 0 191  861223 28     N INDIAN O
 915 4 315 9 612 185  855223 42     N INDIAN O
 915 4 415 9 7 0 181  847242 43     N INDIAN O
 915 4 515 9 712 182  829273 86     N INDIAN O
 915 4 615 9 8 0 193  813306 93     N INDIAN O
 915 5 115 92912 168  894999-99     N INDIAN O
 915 5 215 930 0 171  887294 37     N INDIAN O
 915 5 315 93012 178  865288111     N INDIAN O
 915 5 41510 1 0 176  843265105     N INDIAN O
 915 5 51510 112 169  833234 59     N INDIAN O
 915 5 61510 2 0 163  824235 53     N INDIAN O
 915 5 71510 212 177  809314100     N INDIAN O
 915 5 81510 3 0 193  804344 83     N INDIAN O
 915 5 91510 312 208  802353 76     N INDIAN O
 915 5101510 4 0 221  801356 65     N INDIAN O
 915 5111510 412 226  803 20 27     N INDIAN O
 915 5121510 5 0 231  806 29 28     N INDIAN O
 915 5131510 512 236  808 20 27     N INDIAN O
 915 5141510 6 0 241  811 29 28     N INDIAN O
 915 5151510 612 249  816 30 46     N INDIAN O
 915 5161510 7 0 257  821 30 46     N INDIAN O
 916 7 116 91812 176  918999-99     N INDIAN O
 916 7 216 919 0 180  910298 43     N INDIAN O
 916 7 316 91912 187  902313 52     N INDIAN O
 916 7 416 920 0 194  896321 45     N INDIAN O
 916 7 516 92012 201  889317 48     N INDIAN O
 916 7 616 921 0 210  886343 48     N INDIAN O
 916 7 716 92112 221  882341 58     N INDIAN O
 916 7 816 922 0 230  871312 68     N INDIAN O
 916 7 916 92212 231  854274 78     N INDIAN O
 916 71016 923 0 230  839266 69     N INDIAN O
 916 71116 92312 229  824266 69     N INDIAN O
 916 71216 924 0 229  814270 46     N INDIAN O
 916 71316 92412 230  805277 42     N INDIAN O
 916 71416 925 0 231  794276 51     N INDIAN O
 916 71516 92512 235  785296 46     N INDIAN O
 916 71616 926 0 239  778302 38     N INDIAN O
 916 71716 92612 243  771302 38     N INDIAN O
 916 71816 927 0 246  766303 28     N INDIAN O
 916 71916 92712 253  755305 61     N INDIAN O
 916 72016 928 0 259  746307 51     N INDIAN O
 917 7 117 9 412 173  873999-99     N INDIAN O
 917 7 217 9 5 0 179  870335 33     N INDIAN O
 917 7 317 9 512 184  865317 34     N INDIAN O
 917 7 417 9 6 0 189  860317 34     N INDIAN O
 917 7 517 9 612 195  855322 38     N INDIAN O
 917 7 617 9 7 0 199  850310 31     N INDIAN O
 917 7 717 9 712 215  828308130     N INDIAN O
 917 7 817 9 8 0 229  805303128     N INDIAN O
 917 7 917 9 812 244  791320 98     N INDIAN O
 917 71017 9 9 0 259  780326 90     N INDIAN O
 918 7 118 9 312 194  881999-99     N INDIAN O
 918 7 218 9 4 0 199  880349 25     N INDIAN O
 918 7 318 9 412 211  879356 60     N INDIAN O
 918 7 418 9 5 0 224  875344 68     N INDIAN O
 918 7 518 9 512 224  875  0  0     N INDIAN O
 918 7 618 9 6 0 224  875  0  0     N INDIAN O
 918 7 718 9 612 232  868321 52     N INDIAN O
 918 7 818 9 7 0 239  860314 51     N INDIAN O
 919 8 119 92212 139  895999-99     N INDIAN O
 919 8 219 923 0 149  894355 50     N INDIAN O
 919 8 319 92312 178  892356145     N INDIAN O
 919 8 419 924 0 206  891358140     N INDIAN O
 919 8 519 92412 227  895 10107     N INDIAN O
 919 8 619 925 0 246  909 34115     N INDIAN O
 920 9 120 9 512 168  906999-99     N INDIAN O
 920 9 220 9 6 0 168  901270 24     N INDIAN O
 920 9 320 9 612 173  888292 67     N INDIAN O
 920 9 420 9 7 0 179  880308 48     N INDIAN O
 920 9 520 9 712 186  877338 38     N INDIAN O
 920 9 620 9 8 0 194  875347 41     N INDIAN O
 920 9 720 9 812 208  874356 70     N INDIAN O
 920 9 820 9 9 0 219  869337 60     N INDIAN O
 920 9 920 9 912 230  861326 67     N INDIAN O
 920 91020 910 0 244  850324 86     N INDIAN O
 921 4 121 9 112 176  891999-99     N INDIAN O
 921 4 221 9 2 0 178  888305 17     N INDIAN O
 921 4 321 9 212 181  881294 37     N INDIAN O
 921 4 421 9 3 0 185  876310 31     N INDIAN O
 921 4 521 9 312 188  869294 37     N INDIAN O
 921 4 621 9 4 0 191  864302 28     N INDIAN O
 921 4 721 9 412 199  851303 73     N INDIAN O
 921 4 821 9 5 0 206  838300 70     N INDIAN O
 921 4 921 9 512 221  813303138     N INDIAN O
 921 41021 9 6 0 234  794307109     N INDIAN O
 921 41121 9 612 241  783305 62     N INDIAN O
 921 41221 9 7 0 246  775305 44     N INDIAN O
 921 5 121 9 112 232  814999-99     N INDIAN O
 921 5 221 9 2 0 234  803281 51     N INDIAN O
 921 5 321 9 212 237  766275170     N INDIAN O
 921 5 421 9 3 0 240  724275193     N INDIAN O
 921 5 521 9 312 240  704270 92     N INDIAN O
 921 5 621 9 4 0 239  684267 92     N INDIAN O
 921 6 121 91412 174  869999-99     N INDIAN O
 921 6 221 915 0 175  864282 24     N INDIAN O
 921 6 321 91512 175  864  0  0     N INDIAN O
 921 6 421 916 0 175  864  0  0     N INDIAN O
 921 6 521 91612 175  864  0  0     N INDIAN O
 921 6 621 917 0 175  864  0  0     N INDIAN O
 921 6 721 91712 185  815282238     N INDIAN O
 921 6 821 918 0 201  781297179     N INDIAN O
 921 6 921 91812 218  765319113     N INDIAN O
 921 61021 919 0 235  754329 99     N INDIAN O
 921 61121 91912 244  749333 51     N INDIAN O
 921 61221 920 0 256  751  9 61     N INDIAN O
 921 61321 92012 261  763 65 59     N INDIAN O
 921 61421 921 0 264  780 79 78     N INDIAN O
 921 61521 92112 266  784 61 21     N INDIAN O
 921 61621 922 0 269  789 56 27     N INDIAN O
 922 7 122 92112 195  883999-99     N INDIAN O
 922 7 222 922 0 199  880325 24     N INDIAN O
 922 7 322 92212 214  868323 93     N INDIAN O
 922 7 422 923 0 229  865350 77     N INDIAN O
 922 7 522 92312 229  865  0  0     N INDIAN O
 922 7 622 924 0 229  865  0  0     N INDIAN O
 922 7 722 92412 234  871 48 38     N INDIAN O
 922 7 822 925 0 239  880 59 48     N INDIAN O
 922 8 122 9 712 188  886999-99     N INDIAN O
 922 8 222 9 8 0 188  880270 28     N INDIAN O
 922 8 322 9 812 188  880  0  0     N INDIAN O
 922 8 422 9 9 0 188  880  0  0     N INDIAN O
 922 8 522 9 912 190  869281 53     N INDIAN O
 922 8 622 910 0 195  860301 49     N INDIAN O
 922 8 722 91012 206  829291156     N INDIAN O
 922 8 822 911 0 219  799295154     N INDIAN O
 92311 123 92712 154  901999-99     N INDIAN O
 92311 223 928 0 170  860292213     N INDIAN O
 92311 323 92812 187  839310131     N INDIAN O
 92311 423 929 0 201  824315 99     N INDIAN O
 92311 523 92912 220  809324118     N INDIAN O
 92311 623 930 0 233  803337 71     N INDIAN O
 92311 723 93012 245  808 21 64     N INDIAN O
 92311 82310 1 0 252  819 55 61     N INDIAN O
 92312 123 91412 146  863999-99     N INDIAN O
 92312 223 915 0 150  860324 25     N INDIAN O
 92312 323 91512 158  854324 49     N INDIAN O
 92312 423 916 0 166  851340 43     N INDIAN O
 92312 523 91612 174  844320 53     N INDIAN O
 92312 623 917 0 181  839326 43     N INDIAN O
 92312 723 91712 189  829310 62     N INDIAN O
 92312 823 918 0 194  822307 42     N INDIAN O
 92312 923 91812 199  802285 98     N INDIAN O
 923121023 919 0 199  779270108     N INDIAN O
 923121123 91912 199  764270 71     N INDIAN O
 923121223 920 0 201  749278 71     N INDIAN O
 923121323 92012 220  747354 96     N INDIAN O
 923121423 921 0 235  754 23 82     N INDIAN O
 923121523 92112 237  757 54 17     N INDIAN O
 923121623 922 0 240  758 17 16     N INDIAN O
 923121723 92212 246  763 37 38     N INDIAN O
 923121823 923 0 252  768 37 38     N INDIAN O
 923121923 92312 260  781 56 71     N INDIAN O
 923122023 924 0 267  794 59 68     N INDIAN O
 923122123 92412 271  801 57 37     N INDIAN O
 923122223 925 0 279  812 51 63     N INDIAN O
 924 8 124 92212  85  895999-99     N INDIAN O
 924 8 224 923 0  86  889280 30     N INDIAN O
 924 8 324 92312  97  858290163     N INDIAN O
 924 8 424 924 0 103  833284127     N INDIAN O
 924 8 524 92412 115  817307 99     N INDIAN O
 924 8 624 925 0 137  803328129     N INDIAN O
 924 8 724 92512 155  783313133     N INDIAN O
 924 8 824 926 0 170  766313111     N INDIAN O
 924 8 924 92612 180  756316 69     N INDIAN O
 924 81024 927 0 190  748323 63     N INDIAN O
 924 81124 92712 199  739317 62     N INDIAN O
 924 81224 928 0 207  734330 47     N INDIAN O
 924 81324 92812 234  738  8137     N INDIAN O
 924 81424 929 0 252  752 35110     N INDIAN O
 924 81524 92912 271  771 42128     N INDIAN O
 924 81624 930 0 289  791 44126     N INDIAN O
 92513 125 91312 232  913999-99     N INDIAN O
 92513 225 914 0 234  909299 21     N INDIAN O
 92513 325 91412 243  901321 58     N INDIAN O
 92513 425 915 0 249  892306 51     N INDIAN O
 92513 525 91512 257  887331 46     N INDIAN O
 92513 625 916 0 265  881326 48     N INDIAN O
 92514 125 9 512 200  886999-99     N INDIAN O
 92514 225 9 6 0 203  884328 18     N INDIAN O
 92514 325 9 612 210  880332 40     N INDIAN O
 92514 425 9 7 0 215  876323 31     N INDIAN O
 92514 525 9 712 236  855317143     N INDIAN O
 92514 625 9 8 0 252  830305139     N INDIAN O
 92514 725 9 812 255  823295 35     N INDIAN O
 92514 825 9 9 0 257  815286 38     N INDIAN O
 926 5 126 9 312 240  877999-99     N INDIAN O
 926 5 226 9 4 0 238  872246 25     N INDIAN O
 926 5 326 9 412 236  859261 60     N INDIAN O
 926 5 426 9 5 0 236  848270 50     N INDIAN O
 926 5 526 9 512 243  827290103     N INDIAN O
 926 5 626 9 6 0 249  808289 92     N INDIAN O
 926 5 726 9 612 253  787282 98     N INDIAN O
 926 5 826 9 7 0 254  768273 86     N INDIAN O
 926 5 926 9 712 257  752282 73     N INDIAN O
 926 51026 9 8 0 261  739289 62     N INDIAN O
 926 6 126 83112 252  764999-99     N INDIAN O
 926 6 226 9 1 0 252  758270 27     N INDIAN O
 926 6 326 9 112 249  739260 88     N INDIAN O
 926 6 426 9 2 0 245  721256 84     N INDIAN O
 926 6 526 9 212 239  712234 51     N INDIAN O
 926 6 626 9 3 0 236  703250 44     N INDIAN O
 926 6 726 9 312 236  686270 78     N INDIAN O
 926 6 826 9 4 0 247  677323 68     N INDIAN O
 926 6 926 9 412 251  676347 21     N INDIAN O
 926 61026 9 5 0 255  676360 20     N INDIAN O
 926 7 126 91512 199  699999-99     N INDIAN O
 926 7 226 916 0 208  702 17 47     N INDIAN O
 926 7 326 91612 208  702  0  0     N INDIAN O
 926 7 426 917 0 208  702  0  0     N INDIAN O
 926 7 526 91712 214  705 25 33     N INDIAN O
 926 7 626 918 0 219  704350 26     N INDIAN O
 926 7 726 91812 221  689278 70     N INDIAN O
 926 7 826 919 0 221  672270 79     N INDIAN O
 926 7 926 91912 224  667303 28     N INDIAN O
 926 71026 920 0 231  664338 38     N INDIAN O
 926 8 126 92812 156  931999-99     N INDIAN O
 926 8 226 929 0 157  927285 20     N INDIAN O
 926 8 326 92912 159  916281 54     N INDIAN O
 926 8 426 930 0 161  908285 40     N INDIAN O
 926 8 526 93012 167  889288 96     N INDIAN O
 926 8 62610 1 0 171  870282 93     N INDIAN O
 926 8 72610 112 176  854288 80     N INDIAN O
 926 8 82610 2 0 181  837287 85     N INDIAN O
 926 8 92610 212 190  812291127     N INDIAN O
 926 8102610 3 0 199  791294109     N INDIAN O
 926 9 126 91312 159  895999-99     N INDIAN O
 926 9 226 914 0 161  890293 26     N INDIAN O
 926 9 326 91412 168  882312 52     N INDIAN O
 926 9 426 915 0 176  876324 49     N INDIAN O
 926 9 526 91512 184  872335 44     N INDIAN O
 926 9 626 916 0 192  870347 41     N INDIAN O
 926 9 726 91612 204  865339 64     N INDIAN O
 926 9 826 917 0 215  859333 62     N INDIAN O
 926 9 926 91712 218  838279 98     N INDIAN O
 926 91026 918 0 222  814280113     N INDIAN O
 926 91126 91812 222  814  0  0     N INDIAN O
 926 91226 919 0 222  814  0  0     N INDIAN O
 926 91326 91912 222  814  0  0     N INDIAN O
 926 91426 920 0 222  814  0  0     N INDIAN O
 926 91526 92012 222  814  0  0     N INDIAN O
 926 91626 921 0 222  814  0  0     N INDIAN O
 926 91726 92112 222  814  0  0     N INDIAN O
 926 91826 922 0 222  814  0  0     N INDIAN O
 926 91926 92212 229  812345 36     N INDIAN O
 926 92026 923 0 238  814 12 46     N INDIAN O
 92713 127 83112 206  888999-99     N INDIAN O
 92713 227 9 1 0 207  883282 24     N INDIAN O
 92713 327 9 112 209  877290 30     N INDIAN O
 92713 427 9 2 0 212  872303 28     N INDIAN O
 92714 127 91712 154  883999-99     N INDIAN O
 92714 227 918 0 155  876278 34     N INDIAN O
 92714 327 91812 156  851272121     N INDIAN O
 92714 427 919 0 158  827275116     N INDIAN O
 92714 527 91912 163  785277203     N INDIAN O
 92714 627 920 0 170  743280204     N INDIAN O
 92714 727 92012 175  721283108     N INDIAN O
 92714 827 921 0 181  704290 87     N INDIAN O
 92714 927 92112 188  692302 67     N INDIAN O
 927141027 922 0 195  685317 48     N INDIAN O
 927141127 92212 208  675324 80     N INDIAN O
 927141227 923 0 221  672348 67     N INDIAN O
 92912 129 92612 118  701999-99     N INDIAN O
 92912 229 927 0 121  699327 18     N INDIAN O
 92912 329 92712 128  692316 49     N INDIAN O
 92912 429 928 0 131  687302 28     N INDIAN O
 92912 529 92812 145  672314101     N INDIAN O
 92912 629 929 0 155  650295118     N INDIAN O
 92912 729 92912 169  639323 88     N INDIAN O
 92912 829 930 0 180  620301106     N INDIAN O
 92912 929 93012 191  592293143     N INDIAN O
 92912102910 1 0 197  569286113     N INDIAN O
 930 8 130 9 512 178  914999-99     N INDIAN O
 930 8 230 9 6 0 179  909282 24     N INDIAN O
 930 8 330 9 612 181  898281 53     N INDIAN O
 930 8 430 9 7 0 184  889289 45     N INDIAN O
 930 8 530 9 712 187  878286 54     N INDIAN O
 930 8 630 9 8 0 189  872289 30     N INDIAN O
 930 8 730 9 812 195  846284127     N INDIAN O
 930 8 830 9 9 0 199  820279124     N INDIAN O
 931 6 131 92112 181  885999-99     N INDIAN O
 931 6 231 922 0 180  880258 24     N INDIAN O
 931 6 331 92212 180  880  0  0     N INDIAN O
 931 6 431 923 0 180  880  0  0     N INDIAN O
 931 6 531 92312 179  870264 48     N INDIAN O
 931 6 631 924 0 179  860270 48     N INDIAN O
 931 6 731 92412 178  852263 38     N INDIAN O
 931 6 831 925 0 177  847258 24     N INDIAN O
 931 6 931 92512 181  828283 93     N INDIAN O
 931 61031 926 0 194  812311100     N INDIAN O
 931 61131 92612 199  809331 28     N INDIAN O
 931 61231 927 0 205  792291 85     N INDIAN O
 932 8 132 91712 185  894999-99     N INDIAN O
 932 8 232 918 0 188  889302 28     N INDIAN O
 932 8 332 91812 190  886305 18     N INDIAN O
 932 8 432 919 0 193  884328 18     N INDIAN O
 932 8 532 91912 193  884  0  0     N INDIAN O
 932 8 632 920 0 193  884  0  0     N INDIAN O
 932 8 732 92012 203  882349 51     N INDIAN O
 932 8 832 921 0 215  880351 61     N INDIAN O
 932 8 932 92112 224  855291124     N INDIAN O
 932 81032 922 0 223  832267107     N INDIAN O
 932 81132 92212 224  806272120     N INDIAN O
 932 81232 923 0 236  791311 92     N INDIAN O
 932 81332 92312 244  786330 46     N INDIAN O
 932 81432 924 0 255  781338 59     N INDIAN O
 932 9 132 9 112 186  875999-99     N INDIAN O
 932 9 232 9 2 0 188  869289 30     N INDIAN O
 932 9 332 9 212 190  867317 14     N INDIAN O
 932 9 432 9 3 0 192  864305 18     N INDIAN O
 932 9 532 9 312 201  852309 73     N INDIAN O
 932 9 632 9 4 0 210  844320 58     N INDIAN O
 932 9 732 9 412 226  828317109     N INDIAN O
 932 9 832 9 5 0 233  808291 98     N INDIAN O
 932 9 932 9 512 236  799290 44     N INDIAN O
 932 91032 9 6 0 237  791278 37     N INDIAN O
 932 91132 9 612 237  779270 55     N INDIAN O
 932 91232 9 7 0 244  773322 44     N INDIAN O
 932 91332 9 712 248  780 58 38     N INDIAN O
 932 91432 9 8 0 248  789 90 41     N INDIAN O
 932 91532 9 812 255  806 66 84     N INDIAN O
 932 91632 9 9 0 269  805356 70     N INDIAN O
 932 91732 9 912 269  805  0  0     N INDIAN O
 932 91832 910 0 269  805  0  0     N INDIAN O
 932 91932 91012 274  803340 27     N INDIAN O
 932 92032 911 0 279  799325 31     N INDIAN O
 93311 133 9 512 163  875999-99     N INDIAN O
 93311 233 9 6 0 163  872270 14     N INDIAN O
 93311 333 9 612 163  862270 48     N INDIAN O
 93311 433 9 7 0 164  855279 34     N INDIAN O
 93311 533 9 712 168  849305 35     N INDIAN O
 93311 633 9 8 0 172  845316 28     N INDIAN O
 93311 733 9 812 176  841316 28     N INDIAN O
 93311 833 9 9 0 181  838330 29     N INDIAN O
 93311 933 9 912 185  829295 48     N INDIAN O
 933111033 910 0 188  821292 41     N INDIAN O
 933111133 91012 192  807287 69     N INDIAN O
 933111233 911 0 198  794296 68     N INDIAN O
 933111333 91112 207  777299 92     N INDIAN O
 933111433 912 0 216  762303 83     N INDIAN O
 93312 133 91112 199  871999-99     N INDIAN O
 93312 233 912 0 201  867298 21     N INDIAN O
 93312 333 91212 206  851288 79     N INDIAN O
 93312 433 913 0 209  834281 81     N INDIAN O
 93312 533 91312 208  812267103     N INDIAN O
 93312 633 914 0 214  793289 93     N INDIAN O
 93312 733 91412 222  782308 65     N INDIAN O
 93312 833 915 0 232  773320 65     N INDIAN O
 93312 933 91512 232  773  0  0     N INDIAN O
 933121033 916 0 232  773  0  0     N INDIAN O
 933121133 91612 242  767331 57     N INDIAN O
 933121233 917 0 252  760328 59     N INDIAN O
 933121333 91712 259  757339 38     N INDIAN O
 933121433 918 0 267  755347 41     N INDIAN O
 933121533 91812 279  755360 60     N INDIAN O
 933121633 919 0 289  759 19 53     N INDIAN O
 93313 133 91612 169  935999-99     N INDIAN O
 93313 233 917 0 171  931298 22     N INDIAN O
 93313 333 91712 175  927316 28     N INDIAN O
 93313 433 918 0 180  921311 38     N INDIAN O
 93313 533 91812 185  917323 32     N INDIAN O
 93313 633 919 0 190  911311 38     N INDIAN O
 93313 733 91912 199  902317 62     N INDIAN O
 93313 833 920 0 208  894320 58     N INDIAN O
 93313 933 92012 218  878304 90     N INDIAN O
 933131033 921 0 227  855293116     N INDIAN O
 933131133 92112 231  843290 59     N INDIAN O
 933131233 922 0 235  831290 58     N INDIAN O
 933131333 92212 239  818289 63     N INDIAN O
 933131433 923 0 244  807297 56     N INDIAN O
 933131533 92312 248  801306 34     N INDIAN O
 933131633 924 0 251  796304 28     N INDIAN O
 933131733 92412 259  786312 60     N INDIAN O
 933131833 925 0 267  778318 53     N INDIAN O
 93410 134 9 512 167  890999-99     N INDIAN O
 93410 234 9 6 0 171  886316 28     N INDIAN O
 93410 334 9 612 180  871302 84     N INDIAN O
 93410 434 9 7 0 190  857307 83     N INDIAN O
 93411 134 91612 198  895999-99     N INDIAN O
 93411 234 917 0 200  891298 21     N INDIAN O
 93411 334 91712 200  891  0  0     N INDIAN O
 93411 434 918 0 200  891  0  0     N INDIAN O
 93411 534 91812 200  891  0  0     N INDIAN O
 93411 634 919 0 200  891  0  0     N INDIAN O
 93411 734 91912 204  882295 47     N INDIAN O
 93411 834 920 0 209  873301 49     N INDIAN O
 93411 934 92012 214  855287 88     N INDIAN O
 934111034 921 0 219  835285 96     N INDIAN O
 934111134 92112 223  820286 73     N INDIAN O
 934111234 922 0 227  807288 63     N INDIAN O
 934111334 92212 229  798284 43     N INDIAN O
 934111434 923 0 232  791295 36     N INDIAN O
 93510 135 9 612 203  899999-99     N INDIAN O
 93510 235 9 7 0 202  895255 19     N INDIAN O
 93510 335 9 712 201  893242 11     N INDIAN O
 93510 435 9 8 0 199  890235 18     N INDIAN O
 93510 535 9 812 198  878265 57     N INDIAN O
 93510 635 9 9 0 199  861274 80     N INDIAN O
 93510 735 9 912 199  861  0  0     N INDIAN O
 93510 835 910 0 199  861  0  0     N INDIAN O
 93510 935 91012 208  830287153     N INDIAN O
 935101035 911 0 225  801302159     N INDIAN O
 93612 136 9 412 187  895999-99     N INDIAN O
 93612 236 9 5 0 189  889289 30     N INDIAN O
 93612 336 9 512 193  885317 28     N INDIAN O
 93612 436 9 6 0 196  877292 41     N INDIAN O
 93612 536 9 612 203  858291 96     N INDIAN O
 93612 636 9 7 0 211  836291110     N INDIAN O
 93612 736 9 712 220  808289138     N INDIAN O
 93612 836 9 8 0 229  780289137     N INDIAN O
 93613 136 92812 143  861999-99     N INDIAN O
 93613 236 929 0 149  861360 30     N INDIAN O
 93613 336 92912 154  862 11 26     N INDIAN O
 93613 436 930 0 159  863 11 26     N INDIAN O
 93613 536 93012 168  871 41 59     N INDIAN O
 93613 63610 1 0 175  882 56 63     N INDIAN O
 93613 73610 112 180  888 49 38     N INDIAN O
 93613 83610 2 0 186  891 25 33     N INDIAN O
 93613 93610 212 190  889335 23     N INDIAN O
 93613103610 3 0 193  885308 24     N INDIAN O
 93613113610 312 196  871283 68     N INDIAN O
 93613123610 4 0 204  860308 65     N INDIAN O
 93613133610 412 217  851327 78     N INDIAN O
 93613143610 5 0 232  848350 77     N INDIAN O
 93613153610 512 240  853 30 46     N INDIAN O
 93613163610 6 0 245  866 67 64     N INDIAN O
 93710 137 9 212 191  876999-99     N INDIAN O
 93710 237 9 3 0 194  873317 21     N INDIAN O
 93710 337 9 312 203  866324 56     N INDIAN O
 93710 437 9 4 0 212  858320 58     N INDIAN O
 93711 137 91012 177  903999-99     N INDIAN O
 93711 237 911 0 181  901335 22     N INDIAN O
 93711 337 91112 194  893330 75     N INDIAN O
 93711 437 912 0 204  886327 60     N INDIAN O
 93711 537 91212 215  877323 69     N INDIAN O
 93711 637 913 0 223  870321 52     N INDIAN O
 93711 737 91312 238  843301145     N INDIAN O
 93711 837 914 0 248  812290150     N INDIAN O
 93711 937 91412 256  793295 95     N INDIAN O
 937111037 915 0 271  780322 95     N INDIAN O
 93712 137 9 412 207  881999-99     N INDIAN O
 93712 237 9 5 0 211  877317 27     N INDIAN O
 93712 337 9 512 222  862308 89     N INDIAN O
 93712 437 9 6 0 229  845294 86     N INDIAN O
 93712 537 9 612 235  825288 97     N INDIAN O
 93712 637 9 7 0 239  801280112     N INDIAN O
 93712 737 9 712 240  789275 55     N INDIAN O
 93712 837 9 8 0 243  776284 61     N INDIAN O
 93713 137 92512 163  944999-99     N INDIAN O
 93713 237 926 0 165  940298 22     N INDIAN O
 93713 337 92612 172  918288111     N INDIAN O
 93713 437 927 0 181  902301 88     N INDIAN O
 93713 537 92712 195  887315100     N INDIAN O
 93713 637 928 0 214  884352 96     N INDIAN O
 93713 737 92812 223  885  6 45     N INDIAN O
 93713 837 929 0 232  879328 53     N INDIAN O
 93713 937 92912 241  870318 61     N INDIAN O
 937131037 930 0 248  861311 54     N INDIAN O
 938 6 138 92512 134  915999-99     N INDIAN O
 938 6 238 926 0 139  914349 26     N INDIAN O
 938 6 338 92612 152  905326 78     N INDIAN O
 938 6 438 927 0 161  894310 69     N INDIAN O
 938 6 538 92712 163  870275116     N INDIAN O
 938 6 638 928 0 161  849264102     N INDIAN O
 938 6 738 92812 159  832263 83     N INDIAN O
 938 6 838 929 0 160  814273 87     N INDIAN O
 938 6 938 92912 162  801279 63     N INDIAN O
 938 61038 930 0 167  789294 63     N INDIAN O
 938 61138 93012 171  775287 70     N INDIAN O
 938 6123810 1 0 176  761291 72     N INDIAN O
 938 6133810 112 180  744284 83     N INDIAN O
 938 6143810 2 0 182  729278 72     N INDIAN O
 938 6153810 212 183  718276 53     N INDIAN O
 938 6163810 3 0 186  708288 50     N INDIAN O
 938 6173810 312 190  707347 21     N INDIAN O
 938 6183810 4 0 195  710 30 28     N INDIAN O
 938 6193810 412 197  716 71 30     N INDIAN O
 938 6203810 5 0 198  724 82 38     N INDIAN O
 938 6213810 512 198  730 90 28     N INDIAN O
 938 6223810 6 0 198  738 90 38     N INDIAN O
 93911 139 9 512 202  885999-99     N INDIAN O
 93911 239 9 6 0 221  857306162     N INDIAN O
 93911 339 9 612 229  831288127     N INDIAN O
 93911 439 9 7 0 235  805284123     N INDIAN O
 93911 539 9 712 239  795294 50     N INDIAN O
 93911 639 9 8 0 245  788313 44     N INDIAN O
 93912 139 91112 234  855999-99     N INDIAN O
 93912 239 912 0 236  849290 29     N INDIAN O
 93912 339 91212 236  849  0  0     N INDIAN O
 93912 439 913 0 236  849  0  0     N INDIAN O
 93912 539 91312 245  825292118     N INDIAN O
 93912 639 914 0 251  809292 78     N INDIAN O
 93912 739 91412 256  796293 64     N INDIAN O
 93912 839 915 0 266  789328 59     N INDIAN O
 93912 939 91512 272  786336 33     N INDIAN O
 939121039 916 0 278  786360 30     N INDIAN O
 93913 139 92012 217  908999-99     N INDIAN O
 93913 239 921 0 228  906350 56     N INDIAN O
 93913 339 92112 231  899295 36     N INDIAN O
 93913 439 922 0 233  890284 43     N INDIAN O
 93913 539 92212 234  881277 42     N INDIAN O
 93913 639 923 0 234  870270 51     N INDIAN O
 93913 739 92312 234  870  0  0     N INDIAN O
 93913 839 924 0 234  870  0  0     N INDIAN O
 93913 939 92412 234  859270 51     N INDIAN O
 939131039 925 0 240  851309 48     N INDIAN O
 939131139 92512 245  855 36 31     N INDIAN O
 939131239 926 0 249  869 73 67     N INDIAN O
 939131339 92612 255  901 78148     N INDIAN O
 939131439 927 0 264  930 71138     N INDIAN O
 93914 139 92912 170  935999-99     N INDIAN O
 93914 239 930 0 185  931346 77     N INDIAN O
 93914 339 93012 192  921307 59     N INDIAN O
 93914 43910 1 0 199  914317 48     N INDIAN O
 93914 53910 112 213  898313103     N INDIAN O
 93914 63910 2 0 228  889331 86     N INDIAN O
 940 9 140 91712 138  966999-99     N INDIAN O
 940 9 240 918 0 139  961282 25     N INDIAN O
 940 9 340 91812 139  961  0  0     N INDIAN O
 940 9 440 919 0 139  961  0  0     N INDIAN O
 940 9 540 91912 152  940303121     N INDIAN O
 940 9 640 920 0 170  929330104     N INDIAN O
 940 9 740 92012 182  916314 86     N INDIAN O
 940 9 840 921 0 193  903312 83     N INDIAN O
 94010 140 91412 165  873999-99     N INDIAN O
 94010 240 915 0 166  867280 29     N INDIAN O
 94010 340 91512 166  867  0  0     N INDIAN O
 94010 440 916 0 166  867  0  0     N INDIAN O
 94010 540 91612 173  840285134     N INDIAN O
 94010 640 917 0 181  813287135     N INDIAN O
 94010 740 91712 188  788286123     N INDIAN O
 94010 840 918 0 195  769291 97     N INDIAN O
 94010 940 91812 203  758308 65     N INDIAN O
 940101040 919 0 212  749317 62     N INDIAN O
 940101140 91912 216  739293 51     N INDIAN O
 940101240 920 0 210  732227 44     N INDIAN O
 940101340 92012 205  749108 83     N INDIAN O
 940101440 921 0 217  763 47 88     N INDIAN O
 940101540 92112 228  785 62116     N INDIAN O
 940101640 922 0 233  808 77108     N INDIAN O
 94114 141 91112 144  844999-99     N INDIAN O
 94114 241 912 0 151  841338 38     N INDIAN O
 94114 341 91212 157  834312 45     N INDIAN O
 94114 441 913 0 163  829321 38     N INDIAN O
 94115 141 9 612 198  894999-99     N INDIAN O
 94115 241 9 7 0 201  891317 21     N INDIAN O
 94115 341 9 712 214  876313 96     N INDIAN O
 94115 441 9 8 0 226  857304107     N INDIAN O
 94115 541 9 812 229  846287 53     N INDIAN O
 94115 641 9 9 0 231  839287 33     N INDIAN O
 94115 741 9 912 238  810285138     N INDIAN O
 94115 841 910 0 244  788287105     N INDIAN O
 94115 941 91012 258  761300141     N INDIAN O
 941151041 911 0 280  743324136     N INDIAN O
 941151141 91112 291  738338 59     N INDIAN O
 941151241 912 0 305  734346 73     N INDIAN O
 942 9 142 91812 227  899999-99     N INDIAN O
 942 9 242 919 0 228  893280 28     N INDIAN O
 942 9 342 91912 229  886279 33     N INDIAN O
 942 9 442 920 0 233  881311 31     N INDIAN O
 942 9 542 92012 245  879351 61     N INDIAN O
 942 9 642 921 0 254  887 39 58     N INDIAN O
 942 9 742 92112 256  895 75 38     N INDIAN O
 942 9 842 922 0 258  904 76 42     N INDIAN O
 94210 142 92512 170  865999-99     N INDIAN O
 94210 242 926 0 174  865360 20     N INDIAN O
 94210 342 92612 185  864355 55     N INDIAN O
 94210 442 927 0 196  858333 62     N INDIAN O
 94210 542 92712 207  846314 78     N INDIAN O
 94210 642 928 0 218  839329 64     N INDIAN O
 94210 742 92812 236  843 12 92     N INDIAN O
 94210 842 929 0 252  851 25 88     N INDIAN O
 94211 142 9 812 207  923999-99     N INDIAN O
 94211 242 9 9 0 207  919270 19     N INDIAN O
 94211 342 9 912 207  909270 47     N INDIAN O
 94211 442 910 0 207  901270 38     N INDIAN O
 94211 542 91012 207  891270 47     N INDIAN O
 94211 642 911 0 208  881276 47     N INDIAN O
 94211 742 91112 208  862270 89     N INDIAN O
 94211 842 912 0 209  841273 98     N INDIAN O
 94211 942 91212 211  819276103     N INDIAN O
 942111042 913 0 213  799276 94     N INDIAN O
 943 9 143 92112 187  894999-99     N INDIAN O
 943 9 243 922 0 191  892335 22     N INDIAN O
 943 9 343 92212 202  886333 62     N INDIAN O
 943 9 443 923 0 212  881335 55     N INDIAN O
 943 9 543 92312 222  868310 78     N INDIAN O
 943 9 643 924 0 228  848288 98     N INDIAN O
 943 9 743 92412 230  845306 17     N INDIAN O
 943 9 843 925 0 231  839280 28     N INDIAN O
 943 9 943 92512 238  829307 58     N INDIAN O
 943 91043 926 0 247  829360 45     N INDIAN O
 943 91143 92612 253  840 59 58     N INDIAN O
 943 91243 927 0 257  858 76 83     N INDIAN O
 943 91343 92712 259  881 85104     N INDIAN O
 943 91443 928 0 265  902 72 99     N INDIAN O
 94413 144 92812 189  895999-99     N INDIAN O
 94413 244 929 0 194  890317 34     N INDIAN O
 94413 344 92912 198  882298 43     N INDIAN O
 94413 444 930 0 202  874298 43     N INDIAN O
 94413 544 93012 211  851293117     N INDIAN O
 94413 64410 1 0 220  829294112     N INDIAN O
 94413 74410 112 227  806288112     N INDIAN O
 94413 84410 2 0 233  786288 97     N INDIAN O
 945 6 145 91712 176  893999-99     N INDIAN O
 945 6 245 918 0 178  888293 26     N INDIAN O
 945 6 345 91812 181  881294 37     N INDIAN O
 945 6 445 919 0 183  874287 35     N INDIAN O
 945 6 545 91912 188  855286 93     N INDIAN O
 945 6 645 920 0 193  838287 84     N INDIAN O
 945 6 745 92012 201  817292107     N INDIAN O
 945 6 845 921 0 209  799295 93     N INDIAN O
 945 6 945 92112 216  781293 91     N INDIAN O
 945 61045 922 0 220  762283 91     N INDIAN O
 945 61145 92212 221  745274 79     N INDIAN O
 945 61245 923 0 230  732307 75     N INDIAN O
 945 61345 92312 239  731354 45     N INDIAN O
 945 61445 924 0 249  735 20 53     N INDIAN O
 945 61545 92412 262  742 26 73     N INDIAN O
 945 61645 925 0 276  751 30 81     N INDIAN O
 945 7 145 9 512 178  904999-99     N INDIAN O
 945 7 245 9 6 0 181  901316 21     N INDIAN O
 945 7 345 9 612 188  893313 52     N INDIAN O
 945 7 445 9 7 0 196  884313 58     N INDIAN O
 945 7 545 9 712 202  875305 52     N INDIAN O
 945 7 645 9 8 0 211  861305 79     N INDIAN O
 945 7 745 9 812 222  841301108     N INDIAN O
 945 7 845 9 9 0 235  819303120     N INDIAN O
 945 7 945 9 912 240  807295 60     N INDIAN O
 945 71045 910 0 247  794301 69     N INDIAN O
 945 71145 91012 253  785306 51     N INDIAN O
 945 71245 911 0 260  777314 50     N INDIAN O
 945 71345 91112 269  768318 60     N INDIAN O
 945 71445 912 0 278  759318 60     N INDIAN O
 945 8 145 92812 176  893999-99     N INDIAN O
 945 8 245 929 0 178  888293 26     N INDIAN O
 945 8 345 92912 187  870298 97     N INDIAN O
 945 8 445 930 0 196  854301 88     N INDIAN O
 945 8 545 93012 212  840321103     N INDIAN O
 945 8 64510 1 0 232  828331114     N INDIAN O
 946 8 146 91312 195  890999-99     N INDIAN O
 946 8 246 914 0 201  890360 30     N INDIAN O
 946 8 346 91412 209  888347 41     N INDIAN O
 946 8 446 915 0 219  887355 50     N INDIAN O
 946 8 546 91512 225  885343 32     N INDIAN O
 946 8 646 916 0 231  883343 32     N INDIAN O
 946 8 746 91612 236  878317 34     N INDIAN O
 946 8 846 917 0 241  873318 34     N INDIAN O
 946 8 946 91712 246  862297 56     N INDIAN O
 946 81046 918 0 247  849275 59     N INDIAN O
 946 9 146 9 912 226  896999-99     N INDIAN O
 946 9 246 910 0 229  883284 62     N INDIAN O
 946 9 346 91012 233  858280117     N INDIAN O
 946 9 446 911 0 236  836279102     N INDIAN O
 946 9 546 91112 237  816273 92     N INDIAN O
 946 9 646 912 0 239  800278 74     N INDIAN O
 946 9 746 91212 242  787284 61     N INDIAN O
 946 9 846 913 0 243  774275 59     N INDIAN O
 946 9 946 91312 246  765290 43     N INDIAN O
 946 91046 914 0 254  763347 41     N INDIAN O
 94610 146 9 512 199  899999-99     N INDIAN O
 94610 246 9 6 0 202  895309 24     N INDIAN O
 94610 346 9 612 209  882300 70     N INDIAN O
 94610 446 9 7 0 209  862270 93     N INDIAN O
 94610 546 9 712 208  844267 84     N INDIAN O
 94610 646 9 8 0 207  825267 89     N INDIAN O
 94610 746 9 812 208  807273 84     N INDIAN O
 94610 846 9 9 0 209  788273 89     N INDIAN O
 94610 946 9 912 213  767282100     N INDIAN O
 946101046 910 0 219  749290 89     N INDIAN O
 94710 147 9 112 210  893999-99     N INDIAN O
 94710 247 9 2 0 226  887341 85     N INDIAN O
 94710 347 9 212 228  885317 13     N INDIAN O
 94710 447 9 3 0 231  882317 20     N INDIAN O
 94710 547 9 312 235  867286 72     N INDIAN O
 94710 647 9 4 0 239  848283 89     N INDIAN O
 94710 747 9 412 241  827276 97     N INDIAN O
 94710 847 9 5 0 244  811282 74     N INDIAN O
 94710 947 9 512 248  798289 63     N INDIAN O
 947101047 9 6 0 251  791295 35     N INDIAN O
 947101147 9 612 257  783310 47     N INDIAN O
 947101247 9 7 0 265  780341 43     N INDIAN O
 947101347 9 712 269  783 34 24     N INDIAN O
 947101447 9 8 0 269  790 90 31     N INDIAN O
 94711 147 92412 169  885999-99     N INDIAN O
 94711 247 925 0 169  879270 29     N INDIAN O
 94711 347 92512 171  869282 49     N INDIAN O
 94711 447 926 0 173  860283 44     N INDIAN O
 94711 547 92612 178  837283113     N INDIAN O
 94711 647 927 0 186  813289121     N INDIAN O
 94711 747 92712 190  799287 69     N INDIAN O
 94711 847 928 0 193  785283 68     N INDIAN O
 94711 947 92812 195  767277 86     N INDIAN O
 947111047 929 0 199  749283 87     N INDIAN O
 94712 147 92212 180  721999-99     N INDIAN O
 94712 247 923 0 185  722 11 25     N INDIAN O
 94712 347 92312 196  726 19 58     N INDIAN O
 94712 447 924 0 209  729 12 67     N INDIAN O
 94712 547 92412 224  731  7 76     N INDIAN O
 94712 647 925 0 241  731360 85     N INDIAN O
 94712 747 92512 258  734  9 86     N INDIAN O
 94712 847 926 0 277  741 18100     N INDIAN O
 94811 148 92612 171  884999-99     N INDIAN O
 94811 248 927 0 173  880298 22     N INDIAN O
 94811 348 92712 179  875322 38     N INDIAN O
 94811 448 928 0 185  870322 38     N INDIAN O
 94812 148 91812 168  861999-99     N INDIAN O
 94812 248 919 0 170  856293 26     N INDIAN O
 94812 348 91912 172  846282 49     N INDIAN O
 94812 448 920 0 175  839294 37     N INDIAN O
 94812 548 92012 176  836289 15     N INDIAN O
 94812 648 921 0 177  834298 11     N INDIAN O
 94812 748 92112 179  815276 91     N INDIAN O
 94812 848 922 0 181  800278 72     N INDIAN O
 94812 948 92212 179  762267181     N INDIAN O
 948121048 923 0 183  728277163     N INDIAN O
 948121148 92312 189  723322 38     N INDIAN O
 948121248 924 0 195  719328 36     N INDIAN O
 948121348 92412 206  709320 73     N INDIAN O
 948121448 925 0 214  696303 73     N INDIAN O
 948121548 92512 215  691282 24     N INDIAN O
 948121648 926 0 215  686270 23     N INDIAN O
 948121748 92612 215  681270 23     N INDIAN O
 948121848 927 0 215  676270 23     N INDIAN O
 948121948 92712 215  671270 23     N INDIAN O
 948122048 928 0 215  666270 23     N INDIAN O
 948122148 92812 215  658270 38     N INDIAN O
 948122248 929 0 215  651270 33     N INDIAN O
 948122348 92912 215  642270 42     N INDIAN O
 948122448 930 0 215  632270 47     N INDIAN O
 948122548 93012 215  622270 47     N INDIAN O
 94812264810 1 0 215  612270 47     N INDIAN O
 949 8 149 9 612 183  871999-99     N INDIAN O
 949 8 249 9 7 0 187  867317 28     N INDIAN O
 949 8 349 9 712 192  862317 34     N INDIAN O
 949 8 449 9 8 0 196  857310 31     N INDIAN O
 949 9 149 91212 201  878999-99     N INDIAN O
 949 9 249 913 0 202  872280 29     N INDIAN O
 949 9 349 91312 202  872  0  0     N INDIAN O
 949 9 449 914 0 202  872  0  0     N INDIAN O
 949 9 549 91412 208  836280171     N INDIAN O
 949 9 649 915 0 217  810290129     N INDIAN O
 949 9 749 91512 225  805330 46     N INDIAN O
 949 9 849 916 0 231  797309 48     N INDIAN O
 949 9 949 91612 236  790308 41     N INDIAN O
 949 91049 917 0 241  784312 38     N INDIAN O
 949 91149 91712 249  778326 48     N INDIAN O
 949 91249 918 0 260  775346 57     N INDIAN O
 949 91349 91812 271  767327 66     N INDIAN O
 949 91449 919 0 277  751293 78     N INDIAN O
 94910 149 91812 157  931999-99     N INDIAN O
 94910 249 919 0 162  904281132     N INDIAN O
 94910 349 91912 162  878270125     N INDIAN O
 94910 449 920 0 161  854268115     N INDIAN O
 94910 549 92012 160  836267 87     N INDIAN O
 94910 649 921 0 163  820281 78     N INDIAN O
 94910 749 92112 165  811283 44     N INDIAN O
 94910 849 922 0 167  804287 35     N INDIAN O
 94910 949 92212 173  787290 87     N INDIAN O
 949101049 923 0 182  776311 69     N INDIAN O
 95010 150 9 812 151  846999-99     N INDIAN O
 95010 250 9 9 0 154  844327 18     N INDIAN O
 95010 350 9 912 162  838324 49     N INDIAN O
 95010 450 910 0 167  833316 35     N INDIAN O
 95010 550 91012 170  828302 28     N INDIAN O
 95010 650 911 0 173  823302 28     N INDIAN O
 95011 150 92112 186  883999-99     N INDIAN O
 95011 250 922 0 189  879308 24     N INDIAN O
 95011 350 92212 193  871298 43     N INDIAN O
 95011 450 923 0 197  863298 43     N INDIAN O
 95012 150 83112 257  786999-99     N INDIAN O
 95012 250 9 1 0 256  781258 23     N INDIAN O
 95012 350 9 112 256  776270 23     N INDIAN O
 95012 450 9 2 0 256  773270 13     N INDIAN O
 95013 150 91112 207  900999-99     N INDIAN O
 95013 250 912 0 207  895270 23     N INDIAN O
 95013 350 91212 206  885264 47     N INDIAN O
 95013 450 913 0 209  877292 40     N INDIAN O
 95013 550 91312 214  862290 74     N INDIAN O
 95013 650 914 0 218  850290 59     N INDIAN O
 95013 750 91412 224  827286111     N INDIAN O
 95013 850 915 0 225  804273107     N INDIAN O
 95013 950 91512 224  790266 65     N INDIAN O
 950131050 916 0 226  776279 66     N INDIAN O
 950131150 91612 234  761300 80     N INDIAN O
 950131250 917 0 244  749312 74     N INDIAN O
 950131350 91712 251  744327 42     N INDIAN O
 950131450 918 0 259  743354 40     N INDIAN O
 950131550 91812 271  749 24 66     N INDIAN O
 950131650 919 0 281  777 68134     N INDIAN O
 95111 151 9 812 213  944999-99     N INDIAN O
 95111 251 9 9 0 217  937302 38     N INDIAN O
 95111 351 9 912 223  908283138     N INDIAN O
 95111 451 910 0 228  879281136     N INDIAN O
 95111 551 91012 238  848289151     N INDIAN O
 95111 651 911 0 245  825288111     N INDIAN O
 95111 751 91112 245  813270 55     N INDIAN O
 95111 851 912 0 248  801285 57     N INDIAN O
 95111 951 91212 258  789313 74     N INDIAN O
 951111051 913 0 271  784341 68     N INDIAN O
 953 7 153 92212 157  917999-99     N INDIAN O
 953 7 253 923 0 159  912293 26     N INDIAN O
 953 7 353 92312 163  904298 43     N INDIAN O
 953 7 453 924 0 165  898289 31     N INDIAN O
 953 7 553 92412 174  886308 73     N INDIAN O
 953 7 653 925 0 184  883344 52     N INDIAN O
 953 7 753 92512 195  882355 55     N INDIAN O
 953 7 853 926 0 205  882360 50     N INDIAN O
 953 7 953 92612 219  878345 73     N INDIAN O
 953 71053 927 0 226  864298 73     N INDIAN O
 953 71153 92712 234  841291113     N INDIAN O
 953 71253 928 0 249  821309118     N INDIAN O
 954 8 154 92212 219  811999-99     N INDIAN O
 954 8 254 923 0 225  778281156     N INDIAN O
 954 8 354 92312 239  759309112     N INDIAN O
 954 8 454 924 0 257  749333101     N INDIAN O
 954 8 554 92412 278  745350107     N INDIAN O
 954 8 654 925 0 297  746  3 95     N INDIAN O
 954 9 154 9 112 176  881999-99     N INDIAN O
 954 9 254 9 2 0 181  879339 27     N INDIAN O
 954 9 354 9 212 188  874326 43     N INDIAN O
 954 9 454 9 3 0 194  866308 48     N INDIAN O
 954 9 554 9 312 201  837284141     N INDIAN O
 954 9 654 9 4 0 208  804283158     N INDIAN O
 954 9 754 9 412 215  785292 95     N INDIAN O
 954 9 854 9 5 0 222  767293 91     N INDIAN O
 95410 154 92512 138  882999-99     N INDIAN O
 95410 254 926 0 149  872319 73     N INDIAN O
 95410 354 92612 157  856297 87     N INDIAN O
 95410 454 927 0 166  841302 85     N INDIAN O
 95410 554 92712 176  811289152     N INDIAN O
 95410 654 928 0 189  781295157     N INDIAN O
 95410 754 92812 204  768321 97     N INDIAN O
 95410 854 929 0 218  757324 87     N INDIAN O
 95410 954 92912 225  751322 45     N INDIAN O
 954101054 930 0 233  746330 46     N INDIAN O
 954101154 93012 253  760 33118     N INDIAN O
 95410125410 1 0 264  779 57102     N INDIAN O
 955 6 155 9 112 212  902999-99     N INDIAN O
 955 6 255 9 2 0 212  898270 19     N INDIAN O
 955 6 355 9 212 213  886275 56     N INDIAN O
 955 6 455 9 3 0 216  874285 58     N INDIAN O
 955 6 555 9 312 221  859290 74     N INDIAN O
 955 6 655 9 4 0 226  843289 78     N INDIAN O
 955 6 755 9 412 233  817286125     N INDIAN O
 955 6 855 9 5 0 242  793292118     N INDIAN O
 955 6 955 9 512 244  783282 47     N INDIAN O
 955 61055 9 6 0 247  774290 43     N INDIAN O
 955 7 155 92912 176  905999-99     N INDIAN O
 955 7 255 930 0 193  881307142     N INDIAN O
 955 7 355 93012 205  861303112     N INDIAN O
 955 7 45510 1 0 216  837296125     N INDIAN O
 955 7 55510 112 225  810290133     N INDIAN O
 955 7 65510 2 0 233  790294101     N INDIAN O
 955 7 75510 212 238  776291 69     N INDIAN O
 955 7 85510 3 0 246  764306 68     N INDIAN O
 955 8 155 92012 193  874999-99     N INDIAN O
 955 8 255 921 0 194  866278 38     N INDIAN O
 955 8 355 92112 196  851278 72     N INDIAN O
 955 8 455 922 0 199  836282 73     N INDIAN O
 955 8 555 92212 212  805294159     N INDIAN O
 955 8 655 923 0 233  786320137     N INDIAN O
 95611 156 9 812 208  902999-99     N INDIAN O
 95611 256 9 9 0 208  896270 28     N INDIAN O
 95611 356 9 912 210  886282 48     N INDIAN O
 95611 456 910 0 215  877301 49     N INDIAN O
 95611 556 91012 228  863315 92     N INDIAN O
 95611 656 911 0 243  851324 93     N INDIAN O
 95611 756 91112 249  846323 38     N INDIAN O
 95611 856 912 0 254  842324 31     N INDIAN O
 957 3 157 92212 188  902999-99     N INDIAN O
 957 3 257 923 0 189  897282 24     N INDIAN O
 957 3 357 92312 192  888289 45     N INDIAN O
 957 3 457 924 0 199  886345 36     N INDIAN O
 957 3 557 92412 206  888 15 36     N INDIAN O
 957 3 657 925 0 215  891 17 48     N INDIAN O
 957 4 157 9 912 154  868999-99     N INDIAN O
 957 4 257 910 0 159  866339 27     N INDIAN O
 957 4 357 91012 178  851323119     N INDIAN O
 957 4 457 911 0 194  829308132     N INDIAN O
 957 4 557 91112 199  812287 84     N INDIAN O
 957 4 657 912 0 203  796285 78     N INDIAN O
 957 4 757 91212 209  788309 48     N INDIAN O
 957 4 857 913 0 218  784338 48     N INDIAN O
 958 6 158 91212 205  895999-99     N INDIAN O
 958 6 258 913 0 208  892317 21     N INDIAN O
 958 6 358 91312 213  886312 38     N INDIAN O
 958 6 458 914 0 219  882328 35     N INDIAN O
 958 6 558 91412 232  873327 78     N INDIAN O
 958 6 658 915 0 242  862315 71     N INDIAN O
 958 7 158 9 712 203  897999-99     N INDIAN O
 958 7 258 9 8 0 204  891280 29     N INDIAN O
 958 7 358 9 812 207  866277118     N INDIAN O
 958 7 458 9 9 0 211  846282 96     N INDIAN O
 958 7 558 9 912 214  819277127     N INDIAN O
 958 7 658 910 0 219  797284105     N INDIAN O
 958 7 758 91012 230  774297120     N INDIAN O
 958 7 858 911 0 241  759309 88     N INDIAN O
 958 7 958 91112 252  748318 74     N INDIAN O
 958 71058 912 0 256  732286 75     N INDIAN O
 958 71158 91212 254  718261 64     N INDIAN O
 958 71258 913 0 249  706245 60     N INDIAN O
 95911 159 92612 167  917999-99     N INDIAN O
 95911 259 927 0 169  912293 26     N INDIAN O
 95911 359 92712 177  903313 58     N INDIAN O
 95911 459 928 0 184  897321 45     N INDIAN O
 95911 559 92812 188  895335 23     N INDIAN O
 95911 659 929 0 194  891328 36     N INDIAN O
 95911 759 92912 199  889339 27     N INDIAN O
 95911 859 930 0 204  885323 32     N INDIAN O
 95911 959 93012 215  874317 75     N INDIAN O
 95911105910 1 0 223  861304 73     N INDIAN O
 95911115910 112 232  848307 75     N INDIAN O
 95911125910 2 0 241  830299 94     N INDIAN O
 95912 159 9 912 216  862999-99     N INDIAN O
 95912 259 910 0 214  856250 30     N INDIAN O
 95912 359 91012 214  856  0  0     N INDIAN O
 95912 459 911 0 214  856  0  0     N INDIAN O
 95912 559 91112 212  845259 53     N INDIAN O
 95912 659 912 0 210  835258 48     N INDIAN O
 95912 759 91212 209  828261 33     N INDIAN O
 95912 859 913 0 208  820262 38     N INDIAN O
 95912 959 91312 208  805270 70     N INDIAN O
 959121059 914 0 211  789281 76     N INDIAN O
 959121159 91412 230  775326115     N INDIAN O
 959121259 915 0 245  761320 98     N INDIAN O
 960 8 160 92512 203  881999-99     N INDIAN O
 960 8 260 926 0 234  836307260     N INDIAN O
 960 8 360 92612 245  838  9 56     N INDIAN O
 960 8 460 927 0 254  847 42 61     N INDIAN O
 96112 161 91012 185  937999-99     N INDIAN O
 96112 261 911 0 191  934335 33     N INDIAN O
 96112 361 91112 198  927317 48     N INDIAN O
 96112 461 912 0 207  916311 68     N INDIAN O
 96112 561 91212 212  897286 93     N INDIAN O
 96112 661 913 0 215  881281 76     N INDIAN O
 96112 761 91312 218  858278108     N INDIAN O
 96112 861 914 0 220  831275126     N INDIAN O
 96112 961 91412 222  814277 79     N INDIAN O
 961121061 915 0 226  798285 77     N INDIAN O
 961121161 91512 228  795306 17     N INDIAN O
 961121261 916 0 230  793317 13     N INDIAN O
 961121361 91612 233  790317 20     N INDIAN O
 961121461 917 0 249  783338 86     N INDIAN O
 96113 161 9 5 0 218  885999-99     N INDIAN O
 96113 261 9 512 218  883270  9     N INDIAN O
 96113 361 9 6 0 221  874290 44     N INDIAN O
 96113 461 9 612 222  868280 28     N INDIAN O
 96113 561 9 7 0 223  864285 19     N INDIAN O
 96113 661 9 712 227  838280122     N INDIAN O
 96113 761 9 8 0 229  815275107     N INDIAN O
 96113 861 9 812 233  790280117     N INDIAN O
 96113 961 9 9 0 238  777293 65     N INDIAN O
 961131061 9 912 247  766312 68     N INDIAN O
 961131161 910 0 256  762338 48     N INDIAN O
 961131261 91012 260  756307 33     N INDIAN O
 961131361 911 0 265  753332 28     N INDIAN O
 961131461 91112 269  738287 70     N INDIAN O
 961131561 912 0 265  721255 78     N INDIAN O
 961131661 91212 261  712244 45     N INDIAN O
 961131761 913 0 256  705232 40     N INDIAN O
 961131861 91312 248  693234 68     N INDIAN O
 961131961 914 0 239  681231 71     N INDIAN O
 961132061 91412 230  668233 75     N INDIAN O
 961132161 915 0 220  651238 93     N INDIAN O
 961132261 91512 215  640244 57     N INDIAN O
 961132361 916 0 211  631245 47     N INDIAN O
 961132461 91612 199  582255238     N INDIAN O
 96114 161 92112 208  895999-99     N INDIAN O
 96114 261 922 0 209  892290 15     N INDIAN O
 96114 361 92212 216  875294 87     N INDIAN O
 96114 461 923 0 222  858291 84     N INDIAN O
 96115 161 92612 200  895999-99     N INDIAN O
 96115 261 927 0 205  895360 25     N INDIAN O
 96115 361 92712 215  895360 50     N INDIAN O
 96115 461 928 0 220  888308 41     N INDIAN O
 96115 561 92812 220  878270 47     N INDIAN O
 96115 661 929 0 218  866260 57     N INDIAN O
 96115 761 92912 217  849266 79     N INDIAN O
 96115 861 930 0 225  838308 65     N INDIAN O
 96115 961 93012 234  835343 47     N INDIAN O
 96115106110 1 0 237  837 31 18     N INDIAN O
 96115116110 112 241  848 68 54     N INDIAN O
 96115126110 2 0 243  860 80 56     N INDIAN O
 96115136110 212 253  871 45 71     N INDIAN O
 962 7 162 919 0 194  922999-99     N INDIAN O
 962 7 262 91912 196  915287 35     N INDIAN O
 962 7 362 920 0 209  899311 99     N INDIAN O
 962 7 462 92012 217  892321 52     N INDIAN O
 962 7 562 921 0 224  888332 40     N INDIAN O
 962 7 662 92112 232  880317 54     N INDIAN O
 962 7 762 922 0 238  873313 44     N INDIAN O
 962 7 862 92212 242  858286 72     N INDIAN O
 962 7 962 923 0 246  844287 67     N INDIAN O
 962 71062 92312 248  836285 38     N INDIAN O
 962 71162 924 0 252  828299 42     N INDIAN O
 962 71262 92412 256  823312 30     N INDIAN O
 962 71362 925 0 259  819310 23     N INDIAN O
 962 71462 92512 266  813323 44     N INDIAN O
 962 8 162 91512 172  864999-99     N INDIAN O
 962 8 262 916 0 174  859293 26     N INDIAN O
 962 8 362 91612 179  853311 38     N INDIAN O
 962 8 462 917 0 184  849323 32     N INDIAN O
 962 8 562 91712 192  845335 44     N INDIAN O
 962 8 662 918 0 200  839325 49     N INDIAN O
 962 8 762 91812 212  810294148     N INDIAN O
 962 8 862 919 0 222  783292135     N INDIAN O
 962 8 962 91912 229  771302 66     N INDIAN O
 962 81062 920 0 241  762326 73     N INDIAN O
 962 81162 92012 260  758349 97     N INDIAN O
 962 81262 921 0 273  763 19 68     N INDIAN O
 962 81362 92112 292  772 23103     N INDIAN O
 962 9 162 9 712 165  860999-99     N INDIAN O
 962 9 262 9 8 0 165  855270 24     N INDIAN O
 962 9 362 9 812 166  829272125     N INDIAN O
 962 9 462 9 9 0 172  804284123     N INDIAN O
 962 9 562 9 912 193  769302197     N INDIAN O
 962 9 662 910 0 199  730279186     N INDIAN O
 962 9 762 91012 213  707303128     N INDIAN O
 962 9 862 911 0 221  687293101     N INDIAN O
 962 9 962 91112 226  688 11 26     N INDIAN O
 962 91062 912 0 229  685317 20     N INDIAN O
 962 91162 91212 233  681317 28     N INDIAN O
 962 91262 913 0 236  677309 23     N INDIAN O
 962 91362 91312 238  671290 29     N INDIAN O
 962 91462 914 0 239  665280 28     N INDIAN O
 962 91562 91412 240  653275 55     N INDIAN O
 963 8 163 9 712 156  972999-99     N INDIAN O
 963 8 263 9 8 0 158  969305 18     N INDIAN O
 963 8 363 9 812 176  946309143     N INDIAN O
 963 8 463 9 9 0 180  937295 48     N INDIAN O
 963 8 563 9 912 187  923298 75     N INDIAN O
 963 8 663 910 0 192  912296 58     N INDIAN O
 963 8 763 91012 199  900302 67     N INDIAN O
 963 8 863 911 0 205  888298 64     N INDIAN O
 963 8 963 91112 212  871294 87     N INDIAN O
 963 81063 912 0 216  853283 86     N INDIAN O
 963 81163 91212 218  833276 93     N INDIAN O
 963 81263 913 0 219  826279 33     N INDIAN O
 963 81363 91312 228  817317 62     N INDIAN O
 963 81463 914 0 233  804293 65     N INDIAN O
 963 81563 91412 243  796324 62     N INDIAN O
 963 81663 915 0 255  792343 63     N INDIAN O
 963 81763 91512 284  784346149     N INDIAN O
 963 81863 916 0 301  781351 86     N INDIAN O
 963 9 163 92412 163  946999-99     N INDIAN O
 963 9 263 925 0 171  931299 82     N INDIAN O
 963 9 363 92512 182  911300110     N INDIAN O
 963 9 463 926 0 194  894307100     N INDIAN O
 963 9 563 92612 207  874305114     N INDIAN O
 963 9 663 927 0 216  865317 62     N INDIAN O
 963 9 763 92712 226  860335 55     N INDIAN O
 963 9 863 928 0 236  858350 51     N INDIAN O
 963 9 963 92812 250  856353 71     N INDIAN O
 963 91063 929 0 261  851338 59     N INDIAN O
 964 9 164 92212 206  892999-99     N INDIAN O
 964 9 264 923 0 209  887303 28     N INDIAN O
 964 9 364 92312 220  863296124     N INDIAN O
 964 9 464 924 0 232  838298130     N INDIAN O
 964 9 564 92412 238  823294 75     N INDIAN O
 964 9 664 925 0 244  808294 75     N INDIAN O
 964 9 764 92512 270  782318175     N INDIAN O
 964 9 864 926 0 300  763331172     N INDIAN O
 96410 164 927 0 172  859999-99     N INDIAN O
 96410 264 92712 172  848270 53     N INDIAN O
 96410 364 928 0 172  833270 72     N INDIAN O
 96410 464 92812 172  817270 77     N INDIAN O
 96410 564 929 0 170  800263 82     N INDIAN O
 96410 664 92912 167  778262107     N INDIAN O
 965 8 165 91812 148  843999-99     N INDIAN O
 965 8 265 919 0 151  839308 24     N INDIAN O
 965 8 365 91912 160  812289138     N INDIAN O
 965 8 465 920 0 165  797289 76     N INDIAN O
 965 8 565 92012 169  782286 74     N INDIAN O
 965 8 665 921 0 175  789 48 45     N INDIAN O
 965 8 765 92112 185  795 30 58     N INDIAN O
 965 8 865 922 0 195  805 43 69     N INDIAN O
 965 8 965 92212 212  818 36105     N INDIAN O
 965 81065 923 0 228  833 41106     N INDIAN O
 965 81165 92312 238  844 45 71     N INDIAN O
 965 81265 924 0 245  853 50 54     N INDIAN O
 966 8 166 927 0  94  900999-99     N INDIAN O
 966 8 266 92712 109  899356 75     N INDIAN O
 966 8 366 928 0 123  893337 76     N INDIAN O
 966 8 466 92812 134  872298116     N INDIAN O
 966 8 566 929 0 150  853311122     N INDIAN O
 966 8 666 92912 163  860 27 73     N INDIAN O
 966 8 766 930 0 176  868 31 76     N INDIAN O
 966 8 866 93012 206  884 27168     N INDIAN O
 966 8 96610 1 0 231  906 39162     N INDIAN O
 966 8106610 112 248  933 55150     N INDIAN O
 966 9 166 9 2 0 195  886999-99     N INDIAN O
 966 9 266 9 212 195  878270 38     N INDIAN O
 966 9 366 9 3 0 195  868270 48     N INDIAN O
 966 9 466 9 312 197  858282 48     N INDIAN O
 966 9 566 9 4 0 200  848288 49     N INDIAN O
 966 9 666 9 412 201  822272123     N INDIAN O
 966 9 766 9 5 0 204  807282 72     N INDIAN O
 966 9 866 9 512 217  791311 99     N INDIAN O
 966 9 966 9 6 0 223  779298 63     N INDIAN O
 966 91066 9 612 241  754308146     N INDIAN O
 966 91166 9 7 0 247  747313 44     N INDIAN O
 966 91266 9 712 263  734324 99     N INDIAN O
 966 91366 9 8 0 274  736  9 56     N INDIAN O
 966 91466 9 812 299  748 23136     N INDIAN O
 96610 166 92812 125  720999-99     N INDIAN O
 96610 266 929 0 125  724 90 19     N INDIAN O
 96610 366 92912 125  724  0  0     N INDIAN O
 96610 466 930 0 125  724  0  0     N INDIAN O
 96610 566 93012 124  727109 16     N INDIAN O
 96610 66610 1 0 124  731 90 19     N INDIAN O
 96610 76610 112 124  733 90 10     N INDIAN O
 96610 86610 2 0 127  735 33 18     N INDIAN O
 96610 96610 212 134  735360 35     N INDIAN O
 96610106610 3 0 142  734353 40     N INDIAN O
 96610116610 312 154  719310 94     N INDIAN O
 96610126610 4 0 161  701292 93     N INDIAN O
 96610136610 412 164  685281 78     N INDIAN O
 96610146610 5 0 165  671274 68     N INDIAN O
 967 7 167 92612 201  891999-99     N INDIAN O
 967 7 267 927 0 203  890335 11     N INDIAN O
 967 7 367 92712 211  886335 44     N INDIAN O
 967 7 467 928 0 216  885349 26     N INDIAN O
 967 7 567 92812 226  892 33 60     N INDIAN O
 967 7 667 929 0 232  904 62 63     N INDIAN O
 967 7 767 92912 241  918 55 78     N INDIAN O
 967 8 167 9 112 213  899999-99     N INDIAN O
 967 8 267 9 2 0 214  896290 15     N INDIAN O
 967 8 367 9 212 218  879284 82     N INDIAN O
 967 8 467 9 3 0 224  874322 38     N INDIAN O
 967 8 567 9 312 236  857308 98     N INDIAN O
 967 8 667 9 4 0 245  839299 93     N INDIAN O
 967 8 767 9 412 248  818279 97     N INDIAN O
 967 8 867 9 5 0 253  794283112     N INDIAN O
 967 8 967 9 512 255  770275109     N INDIAN O
 967 81067 9 6 0 256  756275 63     N INDIAN O
 967 81167 9 612 260  746294 49     N INDIAN O
 967 81267 9 7 0 266  737307 50     N INDIAN O
 967 9 167 91912 253  855999-99     N INDIAN O
 967 9 267 920 0 255  855360 10     N INDIAN O
 967 9 367 92012 267  855360 60     N INDIAN O
 968 8 168 92812 138  890999-99     N INDIAN O
 968 8 268 929 0 143  883306 42     N INDIAN O
 968 8 368 92912 146  882342 16     N INDIAN O
 968 8 468 930 0 149  879316 21     N INDIAN O
 968 8 568 93012 161  873334 67     N INDIAN O
 968 8 66810 1 0 169  869334 44     N INDIAN O
 968 8 76810 112 181  853308 97     N INDIAN O
 968 8 86810 2 0 185  846301 39     N INDIAN O
 968 8 96810 212 195  836317 69     N INDIAN O
 968 8106810 3 0 200  835349 26     N INDIAN O
 968 8116810 312 223  836  2115     N INDIAN O
 968 8126810 4 0 245  843 16115     N INDIAN O
 968 8136810 412 256  847 18 58     N INDIAN O
 968 9 168 9 912 189  914999-99     N INDIAN O
 968 9 268 910 0 191  911305 17     N INDIAN O
 968 9 368 91012 196  898292 66     N INDIAN O
 968 9 468 911 0 200  889295 47     N INDIAN O
 968 9 568 91112 203  874282 72     N INDIAN O
 968 9 668 912 0 194  854244104     N INDIAN O
 968 9 768 91212 195  846278 38     N INDIAN O
 968 9 868 913 0 200  842323 32     N INDIAN O
 969 7 169 9 512 173  867999-99     N INDIAN O
 969 7 269 9 6 0 175  865316 14     N INDIAN O
 969 7 369 9 612 185  853311 76     N INDIAN O
 969 7 469 9 7 0 195  839307 83     N INDIAN O
 969 7 569 9 712 210  815304135     N INDIAN O
 969 7 669 9 8 0 216  799292 80     N INDIAN O
 969 7 769 9 812 225  785305 79     N INDIAN O
 969 7 869 9 9 0 231  769292 80     N INDIAN O
 969 7 969 9 912 229  754262 70     N INDIAN O
 969 71069 910 0 226  744252 48     N INDIAN O
 969 71169 91012 244  746  6 91     N INDIAN O
 969 71269 911 0 257  756 35 79     N INDIAN O
 969 71369 91112 267  766 42 68     N INDIAN O
 969 8 169 91712 173  877999-99     N INDIAN O
 969 8 269 918 0 175  875316 14     N INDIAN O
 969 8 369 91812 190  857311113     N INDIAN O
 969 8 469 919 0 196  834286113     N INDIAN O
 969 8 569 91912 201  817287 84     N INDIAN O
 969 8 669 920 0 203  813298 22     N INDIAN O
 969 8 769 92012 205  807290 30     N INDIAN O
 969 8 869 921 0 207  804306 18     N INDIAN O
 969 8 969 92112 223  797338 87     N INDIAN O
 969 81069 922 0 240  794351 86     N INDIAN O
 969 9 169 92212 206  933999-99     N INDIAN O
 969 9 269 923 0 210  930325 24     N INDIAN O
 969 9 369 92312 221  914307 93     N INDIAN O
 969 9 469 924 0 226  904298 53     N INDIAN O
 969 9 569 92412 232  900328 35     N INDIAN O
 969 9 669 925 0 237  895318 34     N INDIAN O
 969 9 769 92512 245  886314 58     N INDIAN O
 969 9 869 926 0 251  876304 54     N INDIAN O
 970 8 170 92012 167  843999-99     N INDIAN O
 970 8 270 921 0 172  841339 27     N INDIAN O
 970 8 370 92112 200  806310217     N INDIAN O
 970 8 470 922 0 204  776278143     N INDIAN O
 970 8 570 92212 211  760295 83     N INDIAN O
 970 9 170 9 712 202  907999-99     N INDIAN O
 970 9 270 9 8 0 205  905328 18     N INDIAN O
 970 9 370 9 812 210  897304 45     N INDIAN O
 970 9 470 9 9 0 214  890302 38     N INDIAN O
 970 9 570 9 912 230  873316113     N INDIAN O
 970 9 670 910 0 235  861294 61     N INDIAN O
 970 9 770 91012 236  850276 51     N INDIAN O
 970 9 870 911 0 238  842285 38     N INDIAN O
 970 9 970 91112 245  831305 61     N INDIAN O
 970 91070 912 0 253  821311 61     N INDIAN O
 970 91170 91212 258  813305 44     N INDIAN O
 970 91270 913 0 266  804315 57     N INDIAN O
 970 91370 91312 262  799228 30     N INDIAN O
 970 91470 914 0 264  809 77 46     N INDIAN O
 970 91570 91412 258  818127 50     N INDIAN O
 970 91670 915 0 257  822106 18     N INDIAN O
 970 91770 91512 257  830 90 36     N INDIAN O
 970 91870 916 0 260  833 42 20     N INDIAN O
 970 91970 91612 262  837 61 21     N INDIAN O
 970 92070 917 0 264  842 66 24     N INDIAN O
 970 92170 91712 267  848 61 31     N INDIAN O
 97010 170 9 112 223  874999-99     N INDIAN O
 97010 270 9 2 0 225  870298 21     N INDIAN O
 97010 370 9 212 228  863295 36     N INDIAN O
 97010 470 9 3 0 231  857299 32     N INDIAN O
 97010 570 9 312 231  841270 73     N INDIAN O
 97010 670 9 4 0 231  824270 78     N INDIAN O
 97010 770 9 412 230  807266 78     N INDIAN O
 97010 870 9 5 0 230  799270 37     N INDIAN O
 97010 970 9 512 229  777267102     N INDIAN O
 970101070 9 6 0 228  754267106     N INDIAN O
 970101170 9 612 228  736270 83     N INDIAN O
 970101270 9 7 0 234  722295 71     N INDIAN O
 970101370 9 712 252  719351 91     N INDIAN O
 970101470 9 8 0 263  713334 62     N INDIAN O
 970101570 9 812 249  692234118     N INDIAN O
 970101670 9 9 0 244  684236 44     N INDIAN O
 970101770 9 912 238  667249 83     N INDIAN O
 970101870 910 0 236  649263 83     N INDIAN O
 970101970 91012 233  637255 57     N INDIAN O
 970102070 911 0 230  629248 40     N INDIAN O
 970102170 91112 230  625270 18     N INDIAN O
 970102270 912 0 229  619260 28     N INDIAN O
 970102370 91212 229  614270 23     N INDIAN O
 970102470 913 0 229  609270 23     N INDIAN O
 97110 171 924 0 152  841999-99     N INDIAN O
 97110 271 92412 157  828292 68     N INDIAN O
 97110 371 925 0 163  808287101     N INDIAN O
 97111 171 92712 193  885999-99     N INDIAN O
 97111 271 928 0 201  886  7 40     N INDIAN O
 97111 371 92812 208  886360 35     N INDIAN O
 97111 471 929 0 214  885351 30     N INDIAN O
 97111 571 92912 226  882347 62     N INDIAN O
 97111 671 930 0 236  877335 55     N INDIAN O
 97111 771 93012 242  875343 32     N INDIAN O
 972 9 172 9 7 0 152  969999-99     N INDIAN O
 972 9 272 9 712 152  941270135     N INDIAN O
 972 9 372 9 8 0 152  929270 58     N INDIAN O
 972 9 472 9 812 157  905282118     N INDIAN O
 972 9 572 9 9 0 166  884294111     N INDIAN O
 972 9 672 9 912 176  866300 99     N INDIAN O
 972 9 772 910 0 185  853306 77     N INDIAN O
 972 9 872 91012 196  836304 98     N INDIAN O
 972 9 972 911 0 204  828317 55     N INDIAN O
 972 91072 91112 219  814319 99     N INDIAN O
 972 91172 912 0 234  801321 96     N INDIAN O
 972 91272 91212 241  798339 38     N INDIAN O
 972 91372 913 0 248  793327 42     N INDIAN O
 972 91472 91312 256  790341 43     N INDIAN O
 972 91572 914 0 269  786345 68     N INDIAN O
 972 91672 91412 283  785356 70     N INDIAN O
 97210 172 920 0 170  915999-99     N INDIAN O
 97210 272 92012 182  896304108     N INDIAN O
 97210 372 921 0 185  884285 59     N INDIAN O
 97210 472 92112 188  871284 63     N INDIAN O
 97210 572 922 0 189  854274 81     N INDIAN O
 97210 672 92212 194  841292 67     N INDIAN O
 97210 772 923 0 202  835325 49     N INDIAN O
 97210 872 92312 208  829317 41     N INDIAN O
 97210 972 924 0 214  827343 32     N INDIAN O
 972101072 92412 233  824352 96     N INDIAN O
 972101172 925 0 243  832 36 62     N INDIAN O
 972101272 92512 258  847 42101     N INDIAN O
 973 9 173 9 2 0 222  881999-99     N INDIAN S
 973 9 273 9 212 222  868270 60     N INDIAN S
 973 9 373 9 3 0 224  860285 38     N INDIAN S
 973 9 473 9 312 231  843294 86     N INDIAN S
 973 9 573 9 4 0 236  834301 48     N INDIAN S
 973 9 673 9 412 239  819282 70     N INDIAN S
 973 9 773 9 5 0 235  802256 80     N INDIAN S
 974 7 174 91912 161  709999-99     N INDIAN S
 974 7 274 920 0 165  708347 21     N INDIAN S
 974 7 374 92012 171  706342 31     N INDIAN S
 974 7 474 921 0 178  701326 42     N INDIAN S
 974 7 574 92112 186  696329 46     N INDIAN S
 974 7 674 922 0 193  683300 71     N INDIAN S
 974 7 774 92212 200  665292 92     N INDIAN S
 974 7 874 923 0 205  658307 41     N INDIAN S
 974 7 974 92312 211  645296 68     N INDIAN S
 974 71074 924 0 214  638295 36     N INDIAN S
 974 71174 92412 216  630285 38     N INDIAN S
 974 8 174 926 0 160  920999-99     N INDIAN R
 974 8 274 92612 161  904274 77     N INDIAN R
 974 8 374 927 0 168  884290102     N INDIAN R
 974 8 474 92712 178  868303 91     N INDIAN R
 974 8 574 928 0 189  865346 57     N INDIAN R
 974 8 674 92812 202  853319 86     N INDIAN R
 974 8 774 929 0 216  852356 70     N INDIAN R
 974 8 874 92912 233  859 21 91     N INDIAN R
 974 8 974 930 0 248  869 31 88     N INDIAN R
 97512 175 9 9 0 188  863999-99     N INDIAN S
 97512 275 9 912 203  862356 75     N INDIAN S
 97512 375 910 0 216  841304118     N INDIAN S
 97512 475 91012 221  825289 78     N INDIAN S
 97512 575 911 0 227  794282146     N INDIAN S
 97512 675 91112 236  782309 71     N INDIAN S
 97512 775 912 0 249  770320 85     N INDIAN S
 97512 875 91212 256  764322 44     N INDIAN S
 97512 975 913 0 263  761339 37     N INDIAN S
 97513 175 924 0 225  878999-99     N INDIAN S
 97513 275 92412 225  874270 18     N INDIAN S
 97513 375 925 0 226  871290 15     N INDIAN S
 97513 475 92512 229  861288 48     N INDIAN S
 97513 575 926 0 242  852328 77     N INDIAN S
 97513 675 92612 249  842308 57     N INDIAN S
 97513 775 927 0 258  827304 81     N INDIAN S
 97513 875 92712 263  820309 40     N INDIAN S
 976 7 176 9 8 0 172  927999-99     N INDIAN R
 976 7 276 9 812 188  915325 98     N INDIAN R
 976 7 376 9 9 0 196  906313 58     N INDIAN R
 976 7 476 9 912 196  906360  0     N INDIAN R
 976 7 576 910 0 199  902309 24     N INDIAN R
 976 7 676 91012 206  894313 51     N INDIAN R
 976 7 776 911 0 213  884307 58     N INDIAN R
 976 7 876 91112 223  870308 82     N INDIAN R
 976 7 976 912 0 232  846292119     N INDIAN R
 976 71076 91212 245  824303120     N INDIAN R
 976 71176 913 0 250  821331 28     N INDIAN R
 976 71276 91312 255  826 42 34     N INDIAN R
 976 71376 914 0 253  832110 29     N INDIAN R
 976 71476 91412 246  844123 65     N INDIAN R
 976 71576 915 0 248  847 54 17     N INDIAN R
 976 71676 91512 242  855130 47     N INDIAN R
 976 71776 916 0 239  859129 24     N INDIAN R
 976 71876 91612 239  859360  0     N INDIAN R
 976 71976 917 0 239  859360  0     N INDIAN R
 976 72076 91712 239  859360  0     N INDIAN R
 976 72176 918 0 237  863119 21     N INDIAN R
 976 72276 91812 237  863360  0     N INDIAN R
 976 72376 919 0 237  863360  0     N INDIAN R
 976 72476 91912 237  863360  0     N INDIAN R
 976 72576 920 0 236  867105 19     N INDIAN R
 979 4 179 916 0 105  780999-99     N INDIAN S
 979 4 279 91612 110  764288 82     N INDIAN S
 979 4 379 917 0 111  751275 64     N INDIAN S
 979 4 479 91712 116  736289 78     N INDIAN S
 979 4 579 918 0 119  732308 25     N INDIAN S
 979 4 679 91812 126  725316 49     N INDIAN S
 979 4 779 919 0 134  720329 47     N INDIAN S
 979 4 879 91912 142  715329 47     N INDIAN S
 979 4 979 920 0 148  710321 39     N INDIAN S
 979 41079 92012 163  705342 79     N INDIAN S
 979 41179 921 0 169  701327 36     N INDIAN S
 979 41279 92112 181  690319 80     N INDIAN S
 979 41379 922 0 186  675289 75     N INDIAN S
 979 41479 92212 193  654289105     N INDIAN S
 979 41579 923 0 195  635276 90     N INDIAN S
 979 41679 92312 196  612273108     N INDIAN S
 979 41779 924 0 196  599270 61     N INDIAN S
 979 41879 92412 195  586265 61     N INDIAN S
 979 41979 925 0 199  570285 78     N INDIAN S
 979 5 179 921 0 102  865999-99     N INDIAN S
 979 5 279 92112 128  851332147     N INDIAN S
 979 5 379 922 0 138  848344 52     N INDIAN S
 979 5 479 92212 151  835316 90     N INDIAN S
 979 5 579 923 0 156  820289 76     N INDIAN S
