 244 1 144 22812  42  850999-99     N INDIAN O
 244 1 244 229 0  44  849334 11     N INDIAN O
 244 1 344 22912  56  847351 61     N INDIAN O
 244 1 444 3 1 0  66  844343 53     N INDIAN O
 244 1 544 3 112  74  842346 41     N INDIAN O
 244 1 644 3 2 0  82  840346 41     N INDIAN O
 244 1 744 3 212  95  836343 68     N INDIAN O
 244 1 844 3 3 0 106  831336 60     N INDIAN O
 244 1 944 3 312 114  822312 60     N INDIAN O
 244 11044 3 4 0 119  814303 47     N INDIAN O
 244 11144 3 412 125  798291 83     N INDIAN O
 244 11244 3 5 0 130  780286 92     N INDIAN O
 247 1 147 22412  59  892999-99     N INDIAN O
 247 1 247 225 0  62  888307 25     N INDIAN O
 247 1 347 22512  68  883320 39     N INDIAN O
 247 1 447 226 0  75  876315 49     N INDIAN O
 247 1 547 22612  79  870304 36     N INDIAN O
 247 1 647 227 0  83  865309 32     N INDIAN O
 247 1 747 22712  86  858293 38     N INDIAN O
 247 1 847 228 0  87  852280 30     N INDIAN O
 247 1 947 22812  87  836270 79     N INDIAN O
 247 11047 3 1 0  87  821270 74     N INDIAN O
 256 1 156 2 812  66  917999-99     N INDIAN O
 256 1 256 2 9 0  73  912325 43     N INDIAN O
 256 1 356 2 912  86  906335 72     N INDIAN O
 256 1 456 210 0  99  906360 65     N INDIAN O
 256 1 556 21012 120  922 37131     N INDIAN O
 256 1 656 211 0 133  941 55113     N INDIAN O
 261 2 161 217 0  46  864999-99     N INDIAN O
 261 2 261 21712  50  865 14 21     N INDIAN O
 261 2 361 218 0  53  865360 15     N INDIAN O
 261 2 461 21812  61  865360 40     N INDIAN O
 261 2 561 219 0  66  865360 25     N INDIAN O
 261 2 661 21912  83  866  3 85     N INDIAN O
 261 2 761 220 0  93  868 11 51     N INDIAN O
 261 2 861 22012 100  869  8 35     N INDIAN O
 261 2 961 221 0 105  869360 25     N INDIAN O
 261 21061 22112 106  859276 49     N INDIAN O
