 1 6 1 1 6 11412  77  850999-99     N INDIAN O
 1 6 1 2 6 115 0  82  842302 47     N INDIAN O
 1 6 1 3 6 11512  89  830301 69     N INDIAN O
 1 6 1 4 6 116 0  94  813287 88     N INDIAN O
 1 6 1 5 6 11612  94  803270 49     N INDIAN O
 1 6 1 6 6 117 0  94  795270 39     N INDIAN O
 118 1 118 11312  59  863999-99     N INDIAN O
 118 1 218 114 0  67  862353 40     N INDIAN O
 118 1 318 11412  76  859342 48     N INDIAN O
 118 1 418 115 0  86  856344 53     N INDIAN O
 118 1 518 11512  98  851338 65     N INDIAN O
 118 1 618 116 0 110  843327 72     N INDIAN O
 118 1 718 11612 119  835319 60     N INDIAN O
 118 1 818 117 0 128  826316 63     N INDIAN O
 118 1 918 11712 134  818308 49     N INDIAN O
 118 11018 118 0 141  808306 60     N INDIAN O
 123 1 123 1 512  55  930999-99     N INDIAN O
 123 1 223 1 6 0  55  923270 35     N INDIAN O
 123 1 323 1 612  56  912275 55     N INDIAN O
 123 1 423 1 7 0  56  899270 65     N INDIAN O
 123 1 523 1 712  56  888270 55     N INDIAN O
 123 1 623 1 8 0  57  876275 60     N INDIAN O
 123 1 723 1 812  57  864270 60     N INDIAN O
 123 1 823 1 9 0  58  853275 55     N INDIAN O
 123 1 923 1 912  58  839270 70     N INDIAN O
 123 11023 110 0  58  826270 65     N INDIAN O
 123 11123 11012  60  811278 75     N INDIAN O
 123 11223 111 0  68  798302 76     N INDIAN O
 123 11323 11112  78  792329 58     N INDIAN O
 123 11423 112 0  89  791355 55     N INDIAN O
 125 1 125 11112  39  806999-99     N INDIAN O
 125 1 225 112 0  44  788286 93     N INDIAN O
 125 1 325 11212  47  778287 52     N INDIAN O
 125 1 425 113 0  52  768297 56     N INDIAN O
 125 1 525 11312  58  760307 50     N INDIAN O
 125 1 625 114 0  65  753315 49     N INDIAN O
 129 1 129 1 212 107  921999-99     N INDIAN O
 129 1 229 1 3 0 106  912264 45     N INDIAN O
 129 1 329 1 312 106  907270 24     N INDIAN O
 129 1 429 1 4 0 106  901270 29     N INDIAN O
 129 1 529 1 412 106  887270 69     N INDIAN O
 129 1 629 1 5 0 107  873274 69     N INDIAN O
 129 1 729 1 512 109  868292 27     N INDIAN O
 129 1 829 1 6 0 112  847278104     N INDIAN O
 129 1 929 1 612 118  831291 84     N INDIAN O
 129 11029 1 7 0 124  815291 84     N INDIAN O
 134 1 134 12212  76  860999-99     N INDIAN O
 134 1 234 123 0  76  855270 25     N INDIAN O
 134 1 334 12312  76  841270 69     N INDIAN O
 134 1 434 124 0  76  826270 74     N INDIAN O
 139 1 139 1 612  66  888999-99     N INDIAN O
 139 1 239 1 7 0  72  881311 46     N INDIAN O
 139 1 339 1 712  80  871309 63     N INDIAN O
 139 1 439 1 8 0  89  861312 67     N INDIAN O
 139 1 539 1 812  98  849307 74     N INDIAN O
 139 1 639 1 9 0 105  835297 78     N INDIAN O
 139 1 739 1 912 108  826289 47     N INDIAN O
 139 1 839 110 0 107  815265 54     N INDIAN O
 148 1 148 11312 109  874999-99     N INDIAN O
 148 1 248 114 0 109  866270 39     N INDIAN O
 148 1 348 11412 109  855270 54     N INDIAN O
 148 1 448 115 0 109  840270 73     N INDIAN O
 153 1 153 12712  84  970999-99     N INDIAN O
 153 1 253 128 0  88  962297 44     N INDIAN O
 153 1 353 12812  98  950310 78     N INDIAN O
 153 1 453 129 0 115  952  7 86     N INDIAN O
 153 1 553 12912 138  960 19122     N INDIAN O
 153 1 653 130 0 157  967 20101     N INDIAN O
 161 1 161 1 9 0  95  821999-99     N INDIAN O
 161 1 261 1 912  94  812264 45     N INDIAN O
 161 1 361 110 0  92  804256 41     N INDIAN O
 161 1 461 11012  88  783259106     N INDIAN O
 161 1 561 111 0  79  761248118     N INDIAN O
 163 1 163 1 212  54  852999-99     N INDIAN O
 163 1 263 1 3 0  54  850270 10     N INDIAN O
 163 1 363 1 312  54  850  0  0     N INDIAN O
 163 1 463 1 4 0  54  850  0  0     N INDIAN O
 163 1 563 1 412  54  850  0  0     N INDIAN O
 163 1 663 1 5 0  54  850  0  0     N INDIAN O
 163 1 763 1 512  54  850  0  0     N INDIAN O
 163 1 863 1 6 0  54  850  0  0     N INDIAN O
 167 1 166123112  60  828999-99     N INDIAN O
 167 1 267 1 1 0  64  829 14 21     N INDIAN O
 167 1 367 1 112  77  834 21 69     N INDIAN O
 167 1 467 1 2 0  89  840 26 67     N INDIAN O
 167 1 567 1 212  95  846 45 43     N INDIAN O
 167 1 667 1 3 0  99  851 51 32     N INDIAN O
 167 1 767 1 312 107  866 62 84     N INDIAN O
 167 1 867 1 4 0 120  871 21 69     N INDIAN O
 167 1 967 1 412 128  869346 41     N INDIAN O
 167 11067 1 5 0 135  865331 40     N INDIAN O
 167 11167 1 512 137  863316 14     N INDIAN O
 167 11267 1 6 0 139  860305 18     N INDIAN O
 167 11367 1 612 143  847288 66     N INDIAN O
 167 11467 1 7 0 154  846355 55     N INDIAN O
 167 11567 1 712 167  846360 65     N INDIAN O
 175 1 175 1 612  76  924999-99     N INDIAN O
 175 1 275 1 7 0  81  927 31 29     N INDIAN O
 175 1 375 1 712  90  932 29 51     N INDIAN O
 175 1 475 1 8 0  97  935 23 38     N INDIAN O
 175 1 575 1 812 105  937 14 41     N INDIAN O
 175 1 675 1 9 0 118  939  9 66     N INDIAN O
 175 1 775 1 912 130  939360 60     N INDIAN O
 175 1 875 110 0 146  943 14 82     N INDIAN O
 175 1 975 11012 160  950 26 78     N INDIAN O
 186 1 186 1 712  45  843999-99     N INDIAN R
 186 1 286 1 8 0  50  837310 39     N INDIAN R
 186 1 386 1 812  55  832315 35     N INDIAN R
 186 1 486 1 9 0  61  827320 39     N INDIAN R
 186 1 586 1 912  69  824340 43     N INDIAN R
 186 1 686 110 0  77  824360 40     N INDIAN R
 186 1 786 11012  92  825  4 75     N INDIAN R
 186 1 886 111 0 107  827  8 76     N INDIAN R
 187 1 187 13012  59  897999-99     N INDIAN R
 187 1 287 131 0  64  878285 98     N INDIAN R
 187 1 387 13112  71  862294 87     N INDIAN R
 187 1 487 2 1 0  87  852328 94     N INDIAN R
 187 1 587 2 112 106  858 17 99     N INDIAN R
 187 1 687 2 2 0 125  868 27107     N INDIAN R
 187 1 787 2 212 144  878 27107     N INDIAN R
 187 1 887 2 3 0 161  884 19 90     N INDIAN R
 187 1 987 2 312 177  897 38101     N INDIAN R
 187 11087 2 4 0 196  916 44131     N INDIAN R
