 253 1 153 218 0  71 1671-99-99-99-99-99-99-99-99   3-991005-99 15   310 27 317 149 293        IRMA     S 
 253 1 253 218 6  71 1658-99-99-99-99-99-99-99-99   3-991005-99 15   310 27 317 154 296        IRMA     S 
 253 1 353 21812  70 1640268154-99-99-99-99-99-99   3  01004 -1 15   310 27 317 159 299        IRMA     S 
 253 1 453 21818  70 1626268159269149-99-99-99-99   3  01004 -1 15   310 25 317 142 299        IRMA     S 
 253 1 553 219 0  69 1609268154268162268154-99-99   3  01004  0 15   310 23 317 144 299        IRMA     S 
 253 1 653 219 6  69 1593268 16269 16268 16-99-99   3  01004  0 15   309 23 317 146 299        IRMA     S 
 253 1 753 21912  71 1579274 15271 16271 15-99-99   3  01003 -1 25   309 23 317 148 299        IRMA     S 
 253 1 853 21918  76 1562283 16279 16275 16-99-99   3  01003 -1 25   309 23 317 149 299        IRMA     S 
 253 1 953 220 0  79 1548285159283152279153274153   3  01003  0 25   309 24 317 151 299        IRMA     S 
 253 11053 220 6  82 1531281156283163282157275158   3  01003  0 40   309 23 317 124 299        IRMA     S 
 253 11153 22012  89 1519289152287148287155279152   3  01003  0 40   309 22 317 126 299        IRMA     S 
 253 11253 22018  96 1503297155291159289154282156   3  01004  1 40   309 23 317 128 297        IRMA     S 
 253 11353 221 0 104 1488296170297159293161286156   3  01003  0 75   308 23 317 130 295        IRMA     S 
 253 11453 221 6 108 1471291168292170294162288158   3  0 999 -5 75   307 23 316 134 290        IRMA     S 
 253 11553 22112 115 1456289166292167293168290161   3  0 996 -7 75   305 23 315 138 286        IRMA     S 
 253 11653 22118 122 1446300141294150295154292154   2 -1 993 -6 75   303 20 315 142 286        IRMA     S 
 253 11753 222 0 128 1435302122300135295143294152   2 -1 990 -6 75   302 18 315 118 299        IRMA     S 
 253 11853 222 6 133 1423296125299123298133296147   2  0 986 -7 75   300 19 315 119 299        IRMA     S 
 253 11953 22212 138 1413295118297120299120295144   2  0 983 -7 75   295 20 315 120 299        IRMA     S 
 253 12053 22218 140 1405292 94292105294110295132   2  0 980 -6 75   291 21 315 121 302        IRMA     S 
 253 12153 223 0 140 1396277 83285 91288 99292121   3  1 979 -4100   286 21 315 122 304        IRMA     S 
 253 12253 223 6 141 1383273107276 98282 99291115   2  0 992 12 65   298 22 316 124 305        IRMA     S 
 253 12353 22312 142 1371275122274110276102288109   2 -1 997 18 65   302 23 317 126 305        IRMA     S 
 253 12453 22318 139 1360265112268116269109282107   3  11002 10 65   307 23 317 128 307        IRMA     S 
 253 12553 224 0 137 1349257110263111266114276105   2  01004  7 65   309 23 317 130 309        IRMA     S 
 253 12653 224 6 137 1334266127262121265119273108   2 -11002  0 65   307 23 317 132 309        IRMA     S 
 253 12753 22412 139 1319274146270133267126271114   2  01003 -1 65   308 22 317 125 309        IRMA     S 
 253 12853 22418 139 1302274156273152270141269125   2  01004  2 40   309 21 317 126 309        IRMA     S 
 253 12953 225 0 138 1288268151271149271148269131   2  01005  2 40   310 20 317 127 309        IRMA     S 
 253 13053 225 6 136 1272264147266153269151267135   2  01006  2 25   311 20 317 126 309        IRMA     S 
 253 13153 22512 136 1256266156266149267153267140   1 -11007  2 25   312 20 317 125 309        IRMA     S 
 25950 159 227 0  88 1400-99-99-99-99-99-99-99-99 -99-99 -99-99 50   306 18 318 128 306        RUBY     S 
 25950 259 227 6  88 1395-99-99-99-99-99-99-99-99 -99-99 -99-99 50   305 19 316 128 307        RUBY     S 
 25950 359 22712  85 1390253 52-99-99-99-99-99-99 -99-99 -99-99 50   302 20 315 128 307        RUBY     S 
 25950 459 22718  83 1370259126260100-99-99-99-99 -99-99 -99-99 50   299 19 316 128 307        RUBY     S 
 25950 559 228 0  82 1363264134259107261 93-99-99 -99-99 -99-99 50   299 19 316 128 307        RUBY     S 
 25950 659 228 6  87 1349281 11273 14269 11-99-99 -99-99 -99-99 45   303 20 316 129 308        RUBY     S 
 25950 759 22812  90 1337287 13282 11275 13-99-99 -99-99 -99-99 40   305 20 316 130 308        RUBY     S 
 25950 859 22818  92 1325282 12285 13281 11-99-99 -99-99 -99-99 35   307 20 317 130 305        RUBY     S 
 25950 959 3 1 0  90 1312270123275122279128271109 -99  0 -99-99 30   308 20 318 130 302        RUBY     S 
 259501059 3 1 6  80 1300244137255126262122265118 -99-99 -99-99 25   310 21 318 130 300        RUBY     S 
 26151 161 227 6  73 1312-99-99-99-99-99-99-99-99   3-991013-99 25   317 16 312 104 300        SUSAN    O 
 26151 261 22712  76 1310-99-99-99-99-99-99-99-99   3-991012-99 30   315 16 312 104 300        SUSAN    O 
 26151 361 22718  79 1308327 36-99-99-99-99-99-99   3  01010 -3 30   314 15 312 104 300        SUSAN    O 
 26151 461 228 0  83 1306331 40329 39-99-99-99-99   3  01009 -3 40   313 15 312 104 300        SUSAN    O 
 26151 561 228 6  87 1305340 43336 40334 39-99-99   3  01010  0 35   313 14 312 106 300        SUSAN    O 
 26151 661 22812  90 1303337  4336  4334  4-99-99   4  11011  2 30   314 14 312 108 300        SUSAN    O 
 26151 761 22818  95 1303346  4346  4343  4-99-99   4  11012  2 25   315 15 312 110 301        SUSAN    O 
 26151 861 3 1 0  98 1302353  4345  4345  4-99-99   4  01013  2 25   317 16 312 112 302        SUSAN    O 
 26151 961 3 1 6 102 1302352 35355 40349 38341 38   4  01014  2 20   319 17 312 112 302        SUSAN    O 
 261511061 3 112 106 1301353 40350 37353 40344 39   3 -11016  3 15   320 18 312 112 303        SUSAN    O 
 26250 162 2 2 0  56 1291-99-99-99-99-99-99-99-99   2-99 998-99 25   304 12 318 113 305        FRAN     O 
 26250 262 2 2 6  55 1289-99-99-99-99-99-99-99-99   2-99 997-99 35   302 12 318 115 305        FRAN     O 
 26250 362 2 212  54 1288236 18-99-99-99-99-99-99   2  0 995 -3 40   301 12 318 118 305        FRAN     O 
 26250 462 2 218  53 1286236 18239 19-99-99-99-99   2  0 993 -4 40   299 12 318 121 306        FRAN     O 
 26250 562 2 3 0  53 1285252 16243 15243 17-99-99   3  1 992 -3 40   299 11 318 124 307        FRAN     O 
 26250 662 2 3 6  50 1285198  2217  2219  2-99-99   3  1 991 -2 40   299 11 318 126 305        FRAN     O 
 26250 762 2 312  51 1289117  2124  1162  1-99-99   2 -1 991 -1 40   298 10 317 129 302        FRAN     O 
 26250 862 2 318  57 1296 58  6 70  4 68  3-99-99   2 -1 990 -1 45   299 10 317 130 301        FRAN     O 
 26250 962 2 4 0  65 1300 38 89 45 71 51 48 45 16   3  1 990 -1 45   300 10 318  98 306        FRAN     O 
 262501062 2 4 6  70 1299 13 67 28 71 35 61 34 23   3  1 991  1 45   301 10 318 100 306        FRAN     O 
 262501162 2 412  75 1295334 56357 60 14 62 18 28   2 -1 992  2 45   301 10 318 101 307        FRAN     O 
 262501262 2 418  78 1292319 53329 51349 53 13 32   2 -1 991  0 45   301 10 318 102 307        FRAN     O 
 262501362 2 5 0  82 1288315 49318 54325 52  6 36   3  1 990 -2 40   300 10 318 103 308        FRAN     O 
 262501462 2 5 6  85 1285315 49315 47317 51  0 44   3  1 991  0 35   301 10 318 103 308        FRAN     O 
 262501562 2 512  90 1282323 50321 52319 49350 50   2 -1 992  2 35   302 10 318 102 308        FRAN     O 
 262501662 2 518  95 1281338 54332 49327 50339 51   2 -1 994  3 35   303 10 318 102 308        FRAN     O 
 262501762 2 6 0 100 1280349 51342 53336 49331 50   2  0 996  4 30   304 10 318 101 308        FRAN     O 
 262501862 2 6 6 105 1280354 50353 50346 51332 50   2  0 998  4 25   305 10 318 101 308        FRAN     O 
 26551 165 21418  68 1097-99-99-99-99-99-99-99-99   2-991004-99 25   309 18 313  82 306        SARAH    S 
 26551 265 215 0  68 1090-99-99-99-99-99-99-99-99   3-991000-99 30   309 18 313  82 306        SARAH    S 
 26551 365 215 6  68 1083270 70-99-99-99-99-99-99   3  1 998 -6 35   308 16 314  87 305        SARAH    S 
 26551 465 21512  68 1075270 75270 73-99-99-99-99   3  0 998 -2 45   308 15 314  92 304        SARAH    S 
 26551 565 21518  71 1067281 81278 77276 75-99-99   2 -11000  2 45   309 15 314  97 302        SARAH    S 
 26551 665 216 0  73 1058286  9281  8279  8-99-99   2 -11001  3 35   310 16 315 101 300        SARAH    S 
 26551 765 216 6  75 1051284  8286  8282  8-99-99   2  01002  2 35   311 16 315 105 300        SARAH    S 
 26551 865 21612  78 1043289  8286  8287  8-99-99   2  01003  2 35   311 17 314  82 301        SARAH    S 
 26551 965 21618  83 1034295 93293 86290 87284 80   2  01003  1 35   311 17 314  88 301        SARAH    S 
 265511065 217 0  88 1027302 94299 90296 85288 82   2  01003  0 35   310 16 314  92 301        SARAH    S 
 265511165 217 6  93 1021308 81305 88301 87292 83   2  01004  1 25   310 16 314  95 300        SARAH    S 
 265511265 21712  97 1016310 70308 75306 82296 81   1 -11005  2 20   310 16 314  98 299        SARAH    S 
 26552 265 218 6  68 1328-99-99-99-99-99-99-99-99   2-991002-99 30   307 18 315 106 296        THELMA   O 
 26552 365 21812  69 1319279 95-99-99-99-99-99-99   1 -11002 -1 40   305 17 315 108 297        THELMA   O 
 26552 465 21818  72 1312284 82283 88-99-99-99-99   2  01002  0 40   306 17 315 110 297        THELMA   O 
 26552 565 219 0  73 1303284 82281 84281 89-99-99   3  21004  2 40   308 17 315 112 298        THELMA   O 
 26552 665 219 6  75 1293279 10283  9281  9-99-99   3  01004  2 30   309 17 314 114 298        THELMA   O 
 26552 765 21912  77 1288285  8282  8285  8-99-99   3  01005  1 25   310 17 314 115 298        THELMA   O 
 26750 167 2 4 0 138 1311-99-99-99-99-99-99-99-99   5-991002-99 30   308 19 314 117 299        RUBY     O 
 26750 267 2 4 6 133 1307-99-99-99-99-99-99-99-99   5-991002-99 30   308 19 314 120 297        RUBY     O 
 26750 367 2 412 131 1308203 38-99-99-99-99-99-99   5  01002  0 30   308 19 314 123 294        RUBY     O 
 26750 467 2 418 127 1311147 36180 37-99-99-99-99   4 -11002  0 30   307 19 314 125 293        RUBY     O 
 26750 567 2 5 0 123 1316136 56139 44162 39-99-99   4 -11001 -1 30   306 20 314 128 292        RUBY     O 
 26750 667 2 5 6 116 1318148  6147  6148  5-99-99   4  0 998 -4 40   304 20 314 131 294        RUBY     O 
 26750 767 2 512 109 1318172  7159  6156  6-99-99   3 -1 996 -5 40   303 19 314 108 302        RUBY     O 
 26750 867 2 518 102 1318180  7175  7165  6-99-99   3 -1 997 -1 40   302 19 314 108 302        RUBY     O 
 26750 967 2 6 0  95 1317184 70183 70178 70172 54   3  0 997  1 40   303 19 314 108 302        RUBY     O 
 267501067 2 6 6  88 1315192 72188 71186 70170 57   2 -1 998  1 35   304 24 315 109 302        RUBY     O 
 267501167 2 612  82 1313197 68194 69190 69174 62   4  11000  3 35   306 28 315 110 302        RUBY     O 
 267501267 2 618  74 1309203 76201 75198 73182 66   3  01001  3 35   307 28 315 112 302        RUBY     O 
 267501367 2 7 0  69 1305211 76208 71205 71191 69   3 -11002  2 30   308 28 314 115 301        RUBY     O 
 270 1 170 220 0  86 1491-99-99-99-99-99-99-99-99   1-99 986-99 40   301 19 316 132 302        NANCY    R 
 270 1 270 220 6  87 1482-99-99-99-99-99-99-99-99   1-99 988-99 45   301 19 315 132 301        NANCY    R 
 270 1 370 22012  84 1472264 95-99-99-99-99-99-99   1  0 992  6 45   304 19 314 132 300        NANCY    R 
 270 1 470 22018  84 1476243 33262 50-99-99-99-99   2  1 993  5 50   304 20 314 132 299        NANCY    R 
 270 1 570 221 0  86 1467292 27266 50270 59-99-99   2  1 990 -2 50   301 22 314 132 298        NANCY    R 
 270 1 670 221 6  86 1457276  9278  5268  6-99-99   3  1 986 -7 50   299 22 314 133 299        NANCY    R 
 270 1 770 22112  85 1448267  9272  9272  6-99-99   3  1 983 -7 50   297 22 314 136 300        NANCY    R 
 270 1 870 22118  83 1438261 10264 10268  9-99-99   3  0 981 -5 55   295 23 314 136 300        NANCY    R 
 270 1 970 222 0  81 1427259106260100263100266 79   4  1 979 -4 60   291 24 314 137 300        NANCY    R 
 270 11070 222 6  82 1415268114265109265104266 83   4  1 975 -6 65   287 23 314 140 300        NANCY    R 
 270 11170 22212  84 1401277130272122269116270 88   5  1 969-10 80   282 23 314 103 293        NANCY    R 
 270 11270 22218  88 1387282142280134276127273110   5  1 962-13 95   277 23 316 103 293        NANCY    R 
 270 11370 223 0  92 1372286149283146281139274118   5  0 961 -8100   278 23 318 103 293        NANCY    R 
 270 11470 223 6  92 1357278150280147280146274124   5  0 961 -1105   277 25 316 104 293        NANCY    R 
 270 11570 22312  94 1342274148278149280148275131   5  0 957 -4110   273 26 314 104 293        NANCY    R 
 270 11670 22318 101 1328288150282148283149279138   5  0 953 -8115   268 25 316 105 294        NANCY    R 
 270 11770 224 0 102 1312285153283152280150281144   5  0 952 -5120   269 24 318 106 294        NANCY    R 
 270 11870 224 6 106 1296279159285156283154282150   5  0 956  3115   274 24 317 107 294        NANCY    R 
 270 11970 22412 113 1282291157285156288155284151   4 -1 955  3115   271 24 316 108 294        NANCY    R 
 270 12070 22418 119 1268295152292155287154285151   4 -1 951 -5110   263 24 316 109 295        NANCY    R 
 270 12170 225 0 128 1258303139301144296147288147   4  0 950 -5100   263 23 316 110 296        NANCY    R 
 270 12270 225 6 136 1247310133304137302141292146   4  0 952  1105   266 23 317 112 298        NANCY    R 
 270 12370 22512 145 1241316118315123309128297139   4  0 953  3105   268 23 318 114 300        NANCY    R 
 270 12470 22518 154 1238334100323108320114301128   4  0 953  1 95   268 23 316 114 300        NANCY    R 
 270 12570 226 0 162 1237347 87340 92329 99309118   3 -1 955  2 90   270 23 316 114 300        NANCY    R 
 270 12670 226 6 172 1238360 90354 91347 93320108   2 -2 965 12 85   277 23 315 114 300        NANCY    R 
 270 12770 22612 183 1242 13108  8 98  1 95331100   2 -1 974 19 75   285 24 314 114 300        NANCY    R 
 270 12870 22618 194 1248 23120 18112 13103346 97   2  0 984 19 65   294 24 314 115 300        NANCY    R 
 270 12970 227 0 204 1252 24115 23115 19111356 95   2  0 994 20 55   304 25 314 116 300        NANCY    R 
 270 13070 227 6 211 1258 29 97 28106 26108  8 95   1  01000 16 40   306 25 314 120 299        NANCY    R 
 270 13170 22712 214 1268 56 90 43 91 38 99 20 92   1 -11002  8 25   307 24 313 125 298        NANCY    R 
 276 2 176 225 0  44 1633-99-99-99-99-99-99-99-99   2-991005-99 25   -99-99 -99 -99 -99        LORNA    S 
 276 2 276 225 6  45 1620-99-99-99-99-99-99-99-99   2-991005-99 25   -99-99 -99 -99 -99        LORNA    S 
 276 2 376 22512  47 1607277130-99-99-99-99-99-99   2  01005  0 25   -99 18 313 -99 -99        LORNA    S 
 276 2 476 22518  50 1594281132279131-99-99-99-99   3  11005  0 25   -99 18 313 -99 -99        LORNA    S 
 276 2 576 226 0  53 1578282148281142279139-99-99   4  21005  0 25   -99 19 313 -99 -99        LORNA    S 
 276 2 676 226 6  58 1566286 15285 14284 14-99-99   4  11006  1 25   -99 20 314 -99 -99        LORNA    S 
 276 2 776 22612  64 1553294 14289 14287 14-99-99   4  01006  1 25   -99 21 314 105 292        LORNA    S 
 276 2 876 22618  70 1540295 14294 14290 14-99-99   4  01003 -3 25   -99 21 314 107 292        LORNA    S 
 276 2 976 227 0  76 1527295142295142294139287138   4  01000 -6 25   -99 22 314 110 293        LORNA    S 
 276 21076 227 6  81 1516295131295135295137289137   4  0 998 -5 25   -99 23 315 113 293        LORNA    S 
 276 21176 22712  84 1508293102294116294122291131   4  0 998 -2 25   -99 23 315 116 294        LORNA    S 
 276 21276 22718  88 1502297 78296 92296104293124   4  0 998  0 30   -99 23 314 118 294        LORNA    S 
 276 21376 228 0  93 1495305 78300 80298 90296114   4  0 998  0 30   -99 24 314 120 293        LORNA    S 
 276 21476 228 6  96 1489302 76303 74299 77297107   4  0 998  0 35   -99 25 313 121 292        LORNA    S 
 276 21576 22812  98 1479288 83294 83296 80295101   4  0 998  0 35   306 25 313 123 292        LORNA    S 
 276 21676 22818  96 1468270104276 89283 86290 95   3 -1 998  0 35   -99 24 313 126 292        LORNA    S 
 276 21776 229 0  90 1456251120260110266 97281 90   3 -1 998  0 30   -99 23 313 129 291        LORNA    S 
 276 21876 229 6  88 1442253134255126260118276 92   2 -11000  2 25   -99 21 313 132 290        LORNA    S 
 276 21976 22912  86 1427262145256139257132271100   2 -11004  6 25   -99 20 313 135 290        LORNA    S 
 276 22076 22918  84 1412262150262146258142267111   2  01005  5 20   -99 20 313 136 291        LORNA    S 
 276 22176 3 1 0  83 1398264144263146263144264120   3  11006  2 20   -99 20 313 137 293        LORNA    S 
 276 22276 3 1 6  83 1388268119266129265134263126   3  11006  1 20   -99 20 313 137 295        LORNA    S 
 276 22376 3 112  83 1378270 99268112267121261126   3  01006  0 20   -99 20 313 138 296        LORNA    S 
 276 22476 3 118  83 1368270 99270 99269109263125   2 -11007  1 20   -99 19 313 -99 -99        LORNA    S 
 276 22576 3 2 0  83 1358270 99270 99270 99266121   2 -11008  2 20   -99 18 313 -99 -99        LORNA    S 
 276 22676 3 2 6  83 1347270104270102270101267118   3  11008  1 20   -99 17 313 -99 -99        LORNA    S 
 276 22776 3 212  84 1336273109272106271104269113   3  11007 -1 20   -99 15 313 126 288        LORNA    S 
 276 22876 3 218  84 1325273109272109271106270108   3  01007 -1 20   -99-99 -99 -99 -99        LORNA    S 
 276 22976 3 3 0  85 1313273114273112273111271105   3  01007  0 20   -99-99 -99 -99 -99        LORNA    S 
 286 1 186 2 1 0  46 1436999-99999-99999-99999-99 -99-991000-99 30   -99-99 -99 -99 -99        JUDY     R 
 286 1 286 2 1 6  51 1421999-99999-99999-99999-99 -99-991000-99 30   -99-99 -99 -99 -99        JUDY     R 
 286 1 386 2 112  55 1405286161999-99999-99999-99 -99-991000  0 30   -99-99 -99 -99 -99        JUDY     R 
 286 1 486 2 118  59 1389284164286162999-99999-99 -99-99 997 -3 35   -99-99 -99 -99 -99        JUDY     R 
 286 1 586 2 2 0  65 1374288162287163287161999-99 -99-99 991 -9 45   -99-99 -99 -99 -99        JUDY     R 
 286 1 686 2 2 6  78 1362305164298162295161999-99 -99-99 987-10 50   -99-99 -99 -99 -99        JUDY     R 
 286 1 786 2 212  88 1348312173306166300164999-99 -99-99 987 -4 50   -99-99 -99 -99 -99        JUDY     R 
 286 1 886 2 218  97 1336307160310165306162999-99 -99-99 984 -3 55   -99-99 -99 -99 -99        JUDY     R 
 286 1 986 2 3 0 105 1324306146306154309159298157 -99-99 984 -3 55   -99-99 -99 -99 -99        JUDY     R 
 286 11086 2 3 6 113 1317311123309132308141301150 -99-99 980 -4 60   -99-99 -99 -99 -99        JUDY     R 
 286 11186 2 312 124 1313330109320117316124307143 -99-99 980 -4 60   -99-99 -99 -99 -99        JUDY     R 
 286 11286 2 318 136 1313350117341109330113316134 -99-99 980  0 60   -99-99 -99 -99 -99        JUDY     R 
 286 11386 2 4 0 149 1316  7126359120350112326127 -99-99 976 -4 65   -99-99 -99 -99 -99        JUDY     R 
 286 11486 2 4 6 161 1323 21134 15128  7121335114 -99-99 972 -8 70   -99-99 -99 -99 -99        JUDY     R 
 286 11586 2 412 171 1336 41146 32138 25130352105 -99-99 968 -8 75   -99-99 -99 -99 -99        JUDY     R 
 286 11686 2 418 180 1352 56168 48155 41145 11106 -99-99 963 -9 80   -99-99 -99 -99 -99        JUDY     R 
 286 11786 2 5 0 186 1365 62157 58158 52149 26113 -99-99 958-10 85   -99-99 -99 -99 -99        JUDY     R 
 286 11886 2 5 6 186 1379 77132 70145 65147 39118 -99-99 980 17 60   -99-99 -99 -99 -99        JUDY     R 
 286 11986 2 512 187 1392 88128 80129 73139 50123 -99-99 991 33 45   -99-99 -99 -99 -99        JUDY     R 
 286 12086 2 518 188 1405 85124 87126 81127 60128 -99-99 997 17 35   -99-99 -99 -99 -99        JUDY     R 
 286 12186 2 6 0 188 1418 88123 87123 88126 68131 -99-991000  9 30   -99-99 -99 -99 -99        JUDY     R 
