 148 1 348 11118  84 1465348  7-99-99-99-99-99-99   5 -1 992 -4 35   299 21 313 146 286        KAREN    R 
 148 1 448 112 0  92 1461340  9342  8-99-99-99-99   5 -1 990 -4 50   298 21 314 113 288        KAREN    R 
 148 1 548 112 6 100 1450317109325 10329  9-99-99   6  1 988 -4 55   296 21 315 115 290        KAREN    R 
 148 1 648 11212 104 1440300120309106316 10-99-99   5  0 986 -4 55   293 20 316 117 292        KAREN    R 
 148 1 748 11218 105 1429284106292114301103-99-99   6  0 984 -4 60   291 20 317 119 293        KAREN    R 
 148 1 848 113 0 105 1420273 10280 10288 11-99-99   6  1 981 -5 65   289 20 316 121 292        KAREN    R 
 148 1 948 113 6 106 1408273 10274 11278 10301  9   6  0 978 -6 70   288 20 315 123 290        KAREN    R 
 148 11048 11312 103 1398265 11266 10269 10292  9   6  0 976 -5 70   287 21 315 125 288        KAREN    R 
 148 11148 11318 100 1389252 98261103263 99282 96   7  1 975 -3 70   286 21 314 126 286        KAREN    R 
 148 11248 114 0  97 1382249 84251 90258 96274 98   7  1 975 -1 75   286 21 314 127 286        KAREN    R 
 148 11348 114 6  99 1372267 84261 86259 90269 96   7  0 975  0 75   286 20 313 128 286        KAREN    R 
 148 11448 11412 103 1367292 80278 73270 76269 90   6 -1 974 -1 80   285 20 313 128 286        KAREN    R 
 148 11548 11418 106 1362305 60295 72283 68271 82   6 -1 972 -3 80   283 19 312 129 286        KAREN    R 
 148 11648 115 0 109 1356299 62302 62295 71274 79   7  1 970 -4 80   281 19 312 129 283        KAREN    R 
 148 11748 115 6 113 1350301 69301 65303 64277 72   7  1 966 -6 80   278 19 312 130 281        KAREN    R 
 148 11848 11512 116 1346306 60303 62302 61284 66   6 -1 961 -9 95   274 20 311 130 280        KAREN    R 
 148 11948 11518 119 1342307 49306 57304 59292 62   6 -1 949-17110   261 20 311 131 278        KAREN    R 
 148 12048 116 0 123 1340320 46316 47312 53302 61   5 -1 937-24130   253 20 311 132 277        KAREN    R 
 148 12148 116 6 128 1341354 45338 43330 43314 53   4 -2 936-13130   253 20 310 134 276        KAREN    R 
 148 12248 11612 132 1344 23 49  9 44353 40322 46   4 -1 940  3130   256 20 310 104 296        KAREN    R 
 148 12348 11618 138 1350 41 67 33 60 22 51340 43   5  1 946 10120   261 20 309 106 296        KAREN    R 
 148 12448 117 0 143 1358 51 87 48 74 41 66  3 43   5  1 955 15100   267 20 309 109 297        KAREN    R 
 148 12548 117 6 148 1366 57 92 53 89 51 79 24 48   4 -1 965 19 75   277 21 310 110 297        KAREN    R 
 148 12648 11712 153 1374 57 92 57 92 54 90 36 57   4 -1 973 18 75   283 21 310 112 298        KAREN    R 
 148 12748 11718 156 1382 63 87 61 89 60 90 46 67   5  1 979 14 75   287 22 311 113 299        KAREN    R 
 148 12848 118 0 161 1392 65 95 63 94 61 94 53 79   5  1 983 10 65   292 23 311 115 299        KAREN    R 
 148 12948 118 6 169 1411 65154 66130 64120 59 99   4 -1 987  8 65   295 24 310 118 300        KAREN    R 
 148 13048 11812 177 1429 66194 65166 66145 61117   4 -1 990  7 60   298 25 309 120 300        KAREN    R 
 148 13148 11818 187 1448 63198 64198 64176 63133   4  0 994  7 55   300 27 308 122 301        KAREN    R 
 148 13248 119 0 195 1465 62193 63192 64193 63143   3 -1 997  7 45   303 28 308 124 301        KAREN    R 
 148 13348 119 6 196 1480 73158 69173 68177 66149 -99-99 -99-99 40   -99-99 -99 -99 -99        KAREN    R 
 148 13448 11912 198 1495 84142 76152 71165 69155 -99  0 -99-99 35   -99-99 -99 -99 -99        KAREN    R 
 148 13548 11918 200 1515 83166 84158 78161 71168 -99-99 -99-99 30   -99-99 -99 -99 -99        KAREN    R 
 149 1 149 113 6  65 1405-99-99-99-99-99-99-99-99   1-991001-99 25   307 19 317 111 302        CARMEN   O 
 149 1 249 11312  66 1396-99-99-99-99-99-99-99-99   2-991001-99 35   306 19 317 115 302        CARMEN   O 
 149 1 349 11318  68 1386279 96-99-99-99-99-99-99   2  11000 -1 40   306 20 317 120 301        CARMEN   O 
 149 1 449 114 0  72 1377288 99284 96-99-99-99-99   3  1 998 -3 45   305 21 316 124 299        CARMEN   O 
 149 1 549 114 6  80 1369305104298101293 97-99-99   4  2 997 -3 50   303 20 316 126 292        CARMEN   O 
 149 1 649 11412  87 1362315 11309 10302 10-99-99   4  1 996 -2 60   302 19 315 129 286        CARMEN   O 
 149 1 749 11418  93 1356315  9315 10310 10-99-99   4  0 994 -3 60   300 19 314 131 288        CARMEN   O 
 149 1 849 115 0 100 1350318  9317  9316 10-99-99   5  1 992 -4 60   299 20 313 134 290        CARMEN   O 
 149 1 949 115 6 108 1345324 93321 90320 92306 92   5  1 991 -3 65   298 20 313 134 288        CARMEN   O 
 149 11049 11512 115 1343335 83330 85326 84313 90   5  0 989 -3 65   297 20 312 134 286        CARMEN   O 
 149 11149 11518 123 1344356 75346 79339 81323 86   5  0 988 -3 65   296 21 312 101 310        CARMEN   O 
 149 11249 116 0 128 1347 17 68  6 67354 70332 79   5  0 986 -3 65   295 22 312 102 310        CARMEN   O 
 149 11349 116 6 132 1352 41 60 27 64 16 62342 68   4 -1 985 -3 65   294 22 311 104 309        CARMEN   O 
 149 11449 11612 133 1354 54 42 44 47 31 52350 58   5  0 982 -4 65   292 22 310 107 308        CARMEN   O 
 149 11549 11618 134 1358 71 31 61 41 51 44  3 51   5  1 979 -6 65   289 22 309 112 307        CARMEN   O 
 149 11649 117 0 133 1361 90 34 84 29 70 36 18 43   5  0 976 -6 65   287 22 308 116 306        CARMEN   O 
 149 11749 117 6 128 1362147 36123 31112 26 40 33   4 -1 974 -5 65   283 22 308 120 304        CARMEN   O 
 149 11849 11712 127 1359198 32172 24141 19 53 25   3 -2 972 -4 65   281 22 308 124 296        CARMEN   O 
 149 11949 11718 126 1356251 31215 28194 21 76 15   4  0 971 -3 65   280 21 309 127 295        CARMEN   O 
 149 12049 118 0 125 1353251 31251 31224 28117  8   4  1 970 -2 75   280 20 309 130 293        CARMEN   O 
 149 12149 118 6 124 1346258 50257 43256 40216 12   5  1 970 -1 85   279 20 309 131 293        CARMEN   O 
 149 12249 11812 121 1338255 76254 61254 53232 25   4  0 970  0 85   279 21 309 133 293        CARMEN   O 
 149 12349 11818 119 1329253 87256 81255 68242 40   5  0 971  1 85   281 21 310 105 311        CARMEN   O 
 149 12449 119 0 116 1319255 96253 92255 86248 55   4  0 974  4 75   284 22 311 107 311        CARMEN   O 
 149 12549 119 6 113 1310252 98254 95253 92254 66   3 -2 979  8 70   288 22 312 112 310        CARMEN   O 
 149 12649 11912 107 1301243 99246100249 97251 75   3 -1 986 12 60   294 22 313 117 309        CARMEN   O 
 149 12749 11918 101 1290239115242107245106249 87   2 -1 993 14 50   300 22 313 122 309        CARMEN   O 
 149 12849 120 0  94 1282235114235112239106246 95   2 -1 999 13 45   305 21 314 127 308        CARMEN   O 
 149 12949 120 6 100 1274266 79255 92250 94251 93 -99-99 -99-99 40   -99-99 -99 -99 -99        CARMEN   O 
 149 13049 12012 110 1260307135287103274101262 97 -99  0 -99-99 30   -99-99 -99 -99 -99        CARMEN   O 
 149 13149 12018 100 1248270128280114269103257102 -99-99 -99-99 25   -99-99 -99 -99 -99        CARMEN   O 
 15319 153 1 1 0 138 1381-99-99-99-99-99-99-99-99   5-99 920-99160   239 23 315 138 297        HESTER   R 
 15319 253 1 1 6 142 1372-99-99-99-99-99-99-99-99   7-99 926-99150   244 23 315 118 302        HESTER   R 
 15319 353 1 112 150 1363305106-99-99-99-99-99-99   5  0 933 13150   249 24 314 119 302        HESTER   R 
 15319 453 1 118 155 1354307109303104-99-99-99-99   5 -2 941 15140   257 25 312 122 302        HESTER   R 
 15319 553 1 2 0 163 1353324 81319 93313 92-99-99   5  0 949 16130   266 26 310 124 301        HESTER   R 
 15319 653 1 2 6 172 1345333 10322  9319 10-99-99   6  1 957 16120   273 26 310 127 301        HESTER   R 
 15319 753 1 212 182 1343333 11339 10329  9-99-99   5  0 963 14115   280 27 310 131 300        HESTER   R 
 15319 853 1 218 194 1347  5 11349 10350 10-99-99   4 -2 969 12105   285 27 309 134 300        HESTER   R 
 15319 953 1 3 0 205 1360 35140 23120  9106343 87   5  0 976 13 95   291 27 308 136 299        HESTER   R 
 153191053 1 3 6 215 1380 56187 47160 38136  6 92   5  1 982 13 90   295 28 308 138 299        HESTER   R 
 153191153 1 312 222 1408 69239 64212 57182 31105   3 -2 987 11 80   299 28 307 140 299        HESTER   R 
 153191253 1 318 228 1435 76263 72245 68222 46132   3 -2 991  9 70   302 26 306 108 302        HESTER   R 
 153191353 1 4 0 230 1465 81266 79267 76252 58156   5  2 995  8 55   305 25 304 108 302        HESTER   R 
 153191453 1 4 6 232 1497 86286 83276 81274 67193   5  2 998  7 45   307 25 306 113 302        HESTER   R 
 153191553 1 412 236 1530 84300 85292 83283 73228   4  01001  6 40   308 25 308 118 302        HESTER   R 
 153191653 1 418 238 1560 84290 85292 85288 78254   3 -21003  5 30   309 25 311 124 302        HESTER   R 
 155 1 155 1 118  70 1370-99-99-99-99-99-99-99-99   4-991004-99 30   315 19 316 123 304        VIOLET   S 
 155 1 255 1 2 0  68 1356-99-99-99-99-99-99-99-99   4-991002-99 30   312 19 316 124 304        VIOLET   S 
 155 1 355 1 2 6  68 1343266134-99-99-99-99-99-99   4  0 999 -5 30   310 21 315 125 303        VIOLET   S 
 155 1 455 1 212  68 1335270104267116-99-99-99-99   4  0 998 -4 30   310 23 314 126 302        VIOLET   S 
 155 1 555 1 218  68 1328270 75270 93267104-99-99   4  0 997 -2 42   309 21 316 127 302        VIOLET   S 
 155 1 655 1 3 0  68 1320270  7270  8270  9-99-99   4  0 997 -1 55   309 20 317 128 301        VIOLET   S 
 155 1 755 1 3 6  68 1313270  7270  7270  7-99-99   4  0 997  0 55   309 20 316 129 301        VIOLET   S 
 155 1 855 1 312  69 1304274  8272  8272  8-99-99   4  0 996 -1 55   308 20 315 130 301        VIOLET   S 
 155 1 955 1 318  69 1295273 90272 83272 82269 93   4  0 995 -2 55   307 22 316 119 305        VIOLET   S 
 155 11055 1 4 0  69 1287270 84272 86272 82271 86   4  0 994 -2 55   306 23 317 120 305        VIOLET   S 
 155 11155 1 4 6  70 1279274 80272 83273 85272 79   5  1 993 -2 62   305 23 317 120 303        VIOLET   S 
 155 11255 1 412  73 1271284 82280 81277 82275 80   4  0 994  0 70   306 23 317 121 302        VIOLET   S 
 155 11355 1 418  79 1263300 91293 86288 83280 82   4 -1 995  2 58   307 21 318 123 300        VIOLET   S 
 155 11455 1 5 0  80 1254293 91292 89289 86280 83   4  0 996  2 58   308 20 318 125 298        VIOLET   S 
 155 11555 1 5 6  80 1242273104284 99285 95280 89   4  0 998  3 58   309 20 318  97 309        VIOLET   S 
 155 11655 1 512  85 1230282121280111287106282 94   3 -1 999  3 40   311 20 318  98 310        VIOLET   S 
 155 11755 1 518  86 1219285118280117279110283 97   2 -21000  2 35   312 19 318  99 310        VIOLET   S 
 155 11855 1 6 0  87 1208275109282115279115283100   2  01001  2 35   313 18 318 100 311        VIOLET   S 
 155 11955 1 6 6  90 1195280120278116282119284107   2  01002  2 35   314 18 318 101 311        VIOLET   S 
 157 1 157 122 0  43 1485-99-99-99-99-99-99-99-99   3-991003-99 45   310 18 314 119 299        ROSE     R 
 157 1 257 122 6  45 1470-99-99-99-99-99-99-99-99   4-99 997-99 45   307 18 314 123 299        ROSE     R 
 157 1 357 12212  52 1457288147-99-99-99-99-99-99   4  1 991-12 45   305 18 315 128 298        ROSE     R 
 157 1 457 12218  58 1441294158289154-99-99-99-99   4  0 985-12 45   302 17 315 129 296        ROSE     R 
 157 1 557 123 0  64 1429293152295150291149-99-99   5  1 980-11 95   296 17 315 130 294        ROSE     R 
 157 1 657 123 6  73 1411297 17295 17295 16-99-99   5  1 978 -7105   292 17 315 135 292        ROSE     R 
 157 1 757 12312  83 1398302 18300 16298 17-99-99   5  0 974 -6105   287 17 316 139 290        ROSE     R 
 157 1 857 12318  92 1380302 18300 19299 17-99-99   6  1 969 -9112   282 17 316 108 299        ROSE     R 
 157 1 957 124 0  99 1367298173301169300177296162   5  0 959-15128   276 18 315 110 299        ROSE     R 
 157 11057 124 6 110 1357309145304162305162300162   5 -1 949-20135   269 18 315 112 298        ROSE     R 
 157 11157 12412 119 1349319133312136307150302158   4 -1 955 -4128   271 19 315 115 297        ROSE     R 
 157 11257 12418 129 1342322120321129315131306151   5  0 960 11120   273 20 316 115 298        ROSE     R 
 157 11357 125 0 138 1335324117323118321125309148   6  2 966 11115   276 21 317 115 299        ROSE     R 
 157 11457 125 6 146 1330326103326109324112313135   6  1 971 11110   282 21 317 116 299        ROSE     R 
 157 11557 12512 152 1329338 76331 87330 96316121   6  0 975  9110   286 22 317 117 299        ROSE     R 
 157 11657 12518 156 1327344 52337 65332 77321103   7  1 980  9 72   290 22 316 119 299        ROSE     R 
 157 11757 126 0 161 1325337 49342 53337 62327 93   7  1 984  9 50   293 23 315 120 300        ROSE     R 
 157 11857 126 6 170 1323345 73342 63344 62331 86   5 -2 989  9 50   297 23 315 122 300        ROSE     R 
 157 11957 12612 178 1322350 86348 75346 67336 81   3 -4 993  9 50   301 24 314 124 300        ROSE     R 
 157 12057 12618 188 1322357 90354 91352 81342 78   3 -2 997  8 50   305 25 313 127 299        ROSE     R 
 157 12157 127 0 196 1324  6 90  2 87358 88350 74   3  01002  9 40   309 27 312 130 298        ROSE     R 
 157 12257 127 6 203 1326 14 77  9 84  5 83356 71   2 -11007 10 35   312 30 310 132 298        ROSE     R 
 15750 157 1 3 0  72 1394-99-99-99-99-99-99-99-99   4-99 999-99 30   306 20 316 121 304        TS5750   S 
 15750 257 1 3 6  74 1383-99-99-99-99-99-99-99-99   5-99 998-99 35   306 20 316 122 303        TS5750   S 
 15750 357 1 312  77 1373284107-99-99-99-99-99-99   6  2 996 -3 35   305 20 317 124 302        TS5750   S 
 15750 457 1 318  80 1363287104285106-99-99-99-99   7  2 995 -3 40   304 21 316 126 302        TS5750   S 
 15750 557 1 4 0  83 1353287104287104285105-99-99   7  1 994 -2 40   303 22 315 128 302        TS5750   S 
 15750 657 1 4 6  87 1341288 11287 11287 11-99-99   7  0 993 -2 40   302 21 314 128 302        TS5750   S 
 15750 757 1 412  90 1330287 12287 11287 11-99-99   7  0 993 -1 40   301 20 314 128 302        TS5750   S 
 15750 857 1 418  93 1319285 11286 12287 11-99-99   6 -1 993  0 40   301 20 314 128 302        TS5750   S 
 15750 957 1 5 0  95 1308283111284112285115285110   6 -1 994  1 40   302 20 314 128 302        TS5750   S 
 157501057 1 5 6  98 1296282116283115284114286112   5 -1 995  2 40   303 20 314 110 305        TS5750   S 
 157501157 1 512 101 1283284127283121283119285115   6  0 997  3 40   304 19 314 112 303        TS5750   S 
 157501257 1 518 103 1270281130282128282123284118   4 -1 998  3 30   305 19 315 117 301        TS5750   S 
 157501357 1 6 0 104 1258277124279126280125283120   4 -2 999  2 30   305 19 315 122 299        TS5750   S 
 157501457 1 6 6 107 1249281105280113281118282116   4  01001  3 30   306 19 315 125 299        TS5750   S 
 157501557 1 612 110 1244294 75285 88283 98283109   3 -11001  2 30   306 19 315  94 302        TS5750   S 
 157501657 1 618 113 1238299 62295 72288 82284103   4  01002  1 30   306 19 315  95 302        TS5750   S 
 157501757 1 7 0 116 1233299 62300 60296 68286 96   3  01002  1 30   307 20 315  96 302        TS5750   S 
 157501857 1 7 6 120 1229309 56304 59304 59289 87   2 -21003  1 30   307 20 315  98 302        TS5750   S 
 158 1 158 1 7 0  59 1709-99-99-99-99-99-99-99-99   4-99 985-99 60   295 18 320 148 299        OPHELIA  S 
 158 1 258 1 7 6  60 1700-99-99-99-99-99-99-99-99   4-99 979-99 80   290 19 320 149 299        OPHELIA  S 
 158 1 358 1 712  61 1695278 70-99-99-99-99-99-99   4  0 974-11 80   285 20 320 150 299        OPHELIA  S 
 158 1 458 1 718  63 1680279101278 97-99-99-99-99   4  0 969-10 80   281 20 320 151 301        OPHELIA  S 
 158 1 558 1 8 0  64 1670277125278100277 98-99-99   4  0 964-10 80   276 20 320 153 302        OPHELIA  S 
 158 1 658 1 8 6  66 1660279 10278 12279 10-99-99   4  0 960 -9100   272 20 320 155 302        OPHELIA  S 
 158 1 758 1 812  68 1649281 11279 10279 12-99-99   4  0 959 -5100   271 20 320 155 302        OPHELIA  S 
 158 1 858 1 818  70 1639281 11281 10280 10-99-99   4  0 958 -2120   270 21 319 155 302        OPHELIA  S 
 158 1 958 1 9 0  72 1629281101281105281104279101   4  0 957 -2120   269 22 318 155 302        OPHELIA  S 
 158 11058 1 9 6  75 1615282122282115281114280107   3 -1 956 -2120   268 21 318 153 304        OPHELIA  S 
 158 11158 1 912  74 1602274134276123277118278117   3 -1 957  0120   271 20 318 151 305        OPHELIA  S 
 158 11258 1 918  73 1587266139271139273129276116   3  0 958  2120   274 20 319 149 302        OPHELIA  S 
 158 11358 110 0  73 1573268144267139271139275121   4  1 959  2120   278 20 320 146 299        OPHELIA  S 
 158 11458 110 6  77 1560279135274139272136276125   4  1 964  6110   283 20 319 148 299        OPHELIA  S 
 158 11558 11012  79 1546283137278137275139276128   4  0 970 11110   285 20 318 149 299        OPHELIA  S 
 158 11658 11018  79 1532274139278137276137275133   4  0 976 12110   290 20 318 152 299        OPHELIA  S 
 158 11758 111 0  79 1520270129273132277132274135   4  0 983 13 95   294 21 318 133 308        OPHELIA  S 
 158 11858 111 6  78 1508268119269126271129272133   5  1 978  2 90   294 21 318 133 308        OPHELIA  S 
 158 11958 11112  79 1494270129270125270129273134   5  1 979 -4 90   294 21 318 133 308        OPHELIA  S 
 158 12058 11118  80 1480274139271132271129274133   5  0 981  3 95   296 21 318 133 309        OPHELIA  S 
 158 12158 112 0  80 1467272134273136271131274132   5  0 979  0100   293 21 318 133 310        OPHELIA  S 
 158 12258 112 6  81 1453272134273136273136272133   5  0 972 -9110   288 21 317 133 310        OPHELIA  S 
 158 12358 11212  83 1440276135274132274134272131   5  0 965-14110   282 21 317 133 310        OPHELIA  S 
 158 12458 11218  86 1427281131279133277132274130   6  1 960-12120   276 20 317 132 307        OPHELIA  S 
 158 12558 113 0  90 1414285133283132281133276132   6  1 955-10140   271 20 317 130 304        OPHELIA  S 
 158 12658 113 6  93 1403287124285126284127278131   6  0 955 -5140   267 20 317 127 301        OPHELIA  S 
 158 12758 11312  96 1391285117286123285125280129   7  1 951 -4140   264 20 317 124 298        OPHELIA  S 
 158 12858 11318 100 1382289109288110288116282124   7  1 948 -7130   260 20 316 126 301        OPHELIA  S 
 158 12958 114 0 103 1372291100288107287108284121   7  0 941-10130   262 20 316 128 299        OPHELIA  S 
 158 13058 114 6 108 1365296 93295 94292101287114   5 -2 952  4125   258 20 316 128 296        OPHELIA  S 
 158 13158 11412 111 1360304 71297 81296 85290105   5 -2 951 10125   263 20 316 128 293        OPHELIA  S 
 158 13258 11418 115 1356308 56307 66300 74293 95   5  0 951 -1125   267 21 314 128 293        OPHELIA  S 
 158 13358 115 0 119 1353319 53313 54311 61296 83   5  0 950 -1125   272 21 312 128 293        OPHELIA  S 
 158 13458 115 6 122 1351325 43321 47316 49300 73   6  1 971 20125   274 20 312 129 290        OPHELIA  S 
 158 13558 11512 124 1351339 27332 34326 39306 60   6  1 976 26100   282 20 312 130 288        OPHELIA  S 
 158 13658 11518 126 1351360 20344 24336 30311 50   6  0 982 11 90   289 20 312 131 290        OPHELIA  S 
 158 13758 116 0 128 1350346 21351 20342 24319 41   6  0 987 11 60   292 20 312 132 293        OPHELIA  S 
 16150 161 11412  83 1347-99-99-99-99-99-99-99-99   5-99 998-99 25   307 20 317 120 300        RITA     R 
 16150 261 11418  88 1334-99-99-99-99-99-99-99-99   5-99 998-99 25   307 19 317 120 299        RITA     R 
 16150 361 115 0  91 1325290116-99-99-99-99-99-99   5  0 998  0 30   307 18 317 120 299        RITA     R 
 16150 461 115 6  93 1322293 64292 89-99-99-99-99   5  0 998  0 30   307 19 317 120 297        RITA     R 
 16150 561 11512  95 1320309 32297 52294 73-99-99   5  0 997 -1 35   307 19 317 120 296        RITA     R 
 16150 661 11518  99 1318327  4319  4305  5-99-99   6  1 995 -3 35   307 18 316 121 296        RITA     R 
 16150 761 116 0 101 1318342  3334  3325  3-99-99   6  1 994 -3 40   306 18 315 122 296        RITA     R 
 16150 861 116 6 105 1319  9  3354  3346  3-99-99   6  0 994 -1 40   305 20 316 125 294        RITA     R 
 16150 961 11612 109 1322 26 45 22 36  8 35317 45   6  0 995  1 35   305 22 316 128 293        RITA     R 
 161501061 11618 113 1327 45 56 36 50 32 41345 32   6  0 996  2 35   305 19 316 130 293        RITA     R 
 161501161 117 0 117 1333 53 67 49 61 43 54 17 34   6  0 997  2 30   305 16 316 132 293        RITA     R 
 161501261 117 6 121 1339 56 71 54 68 51 63 31 41   6  0 998  2 30   306 17 316 133 293        RITA     R 
 161501361 11712 123 1346 65 70 62 70 59 68 42 47   6  0 999  2 30   307 19 316 134 293        RITA     R 
 161501461 11718 126 1353 70 73 65 72 63 71 52 55   6  01000  2 25   308 18 315 135 296        RITA     R 
 161501561 118 0 128 1361 71 77 72 75 68 74 57 63   6  01001  2 25   309 18 314 136 299        RITA     R 
 161501661 118 6 129 1370 80 84 76 81 75 78 64 69   6  01001  1 25   309 18 315 136 297        RITA     R 
 161501761 11812 130 1379 84 88 81 86 78 82 69 74   6  01002  1 25   310 19 316 136 296        RITA     R 
 161501861 11818 131 1388 84 88 84 88 82 86 73 78   6  01003  2 25   310 18 317 137 296        RITA     R 
 161501961 119 0 131 1397 87 88 86 88 85 88 77 80   6  01003  1 25   311 17 317 138 296        RITA     R 
 161502061 119 6 132 1405 87 83 86 85 85 86 80 82   5 -11003  0 25   311 18 316 138 297        RITA     R 
 161502161 11912 134 1414 80 84 83 85 83 86 81 84   5 -11003  0 25   311 19 316 138 298        RITA     R 
 161502261 11918 138 1421 69 83 73 81 78 82 80 84   5  01003  0 25   311 20 316 140 299        RITA     R 
 161502361 120 0 143 1429 58 86 65 86 69 83 77 85   5  01003  0 25   311 20 316 142 299        RITA     R 
 161502461 120 6 149 1434 49 84 52 82 59 82 72 82   5  01004  1 25   311 20 316 142 300        RITA     R 
 165 1 165 119 0 131 1281-99-99-99-99-99-99-99-99   4-991005-99 25   310 26 314 121 306        PATSY    O 
 165 1 265 119 6 136 1283-99-99-99-99-99-99-99-99   4-991001-99 30   308 26 314 126 306        PATSY    O 
 165 1 365 11912 140 1286 28 51-99-99-99-99-99-99   5  1 996 -9 35   306 26 314 103 306        PATSY    O 
 165 1 465 11918 144 1288 31 47 28 49-99-99-99-99   4  0 993 -8 45   305 26 314 108 306        PATSY    O 
 165 1 565 120 0 148 1291 31 47 33 48 30 49-99-99   4 -1 991 -5 50   303 26 313 113 305        PATSY    O 
 165 1 665 120 6 154 1292 21  5 23  5 26  5-99-99   4  0 989 -4 60   301 26 313 118 304        PATSY    O 
 165 1 765 12012 159 1294 15  6 21  5 22  5-99-99   5  1 994  3 65   302 25 314 124 303        PATSY    O 
 165 1 865 12018 165 1296 19  6 16  6 20  6-99-99   4  0 992  3 65   303 25 314 129 303        PATSY    O 
 165 1 965 121 0 169 1293355 50  4 50  5 53 17 50   4 -1 992 -2 65   303 24 314 100 304        PATSY    O 
 165 11065 121 6 170 1288303 46332 41347 41  8 43   4  0 993  1 65   305 24 314 102 304        PATSY    O 
 165 11165 12112 168 1281265 58282 49306 38350 36   3 -1 996  4 60   308 24 314 103 304        PATSY    O 
 165 11265 12118 166 1273254 75261 65273 55327 33   3 -1 999  6 50   309 24 314 102 303        PATSY    O 
 165 11365 122 0 162 1263251 91252 84256 74297 38   3  01000  4 45   310 24 314 102 301        PATSY    O 
 165 11465 122 6 157 1253245106248 97249 90275 47   2 -1 998 -1 40   309 23 314 103 301        PATSY    O 
 165 11565 12212 153 1246241 93243 97246 92263 58   2 -1 998 -2 35   308 22 314 103 302        PATSY    O 
 165 11665 12218 150 1240241 72242 84243 89254 70   2  0 997 -1 35   308 22 314 104 303        PATSY    O 
 165 11765 123 0 145 1232239 79239 79240 86248 79   2  0 997 -1 30   307 22 314 105 303        PATSY    O 
 165 11865 123 6 142 1227238 75239 71239 73245 81   2  01000  3 20   310 21 314 106 304        PATSY    O 
 16550 165 121 0  60 1500-99-99-99-99-99-99-99-99   2-991004-99 20   310 21 318 134 299        RUTH     R 
 16550 265 121 6  77 1482-99-99-99-99-99-99-99-99   3-991004-99 30   309 21 318 135 299        RUTH     R 
 16550 365 12112  93 1463312247-99-99-99-99-99-99   4  21004  0 30   309 22 317 135 298        RUTH     R 
 16550 465 12118 108 1443309247310247-99-99-99-99   3  01004  0 40   309 22 317 136 298        RUTH     R 
 16550 565 122 0 118 1423302233305237307239-99-99   3 -11004  0 45   308 22 316 137 297        RUTH     R 
 16550 665 122 6 125 1406295 20300 21303 22-99-99   5  21002 -2 45   307 22 316 137 297        RUTH     R 
 16550 765 12212 127 1393287 15291 17296 19-99-99   6  31001 -3 40   305 21 316 137 297        RUTH     R 
 16550 865 12218 128 1383278 11284 13289 16-99-99   5  01000 -2 40   303 21 315 137 296        RUTH     R 
 16550 965 123 0 132 1376287 87284100287120301177   5 -11000 -1 40   303 22 314 137 295        RUTH     R 
 165501065 123 6 142 1379345 73318 68303 78303150   6  11001  1 40   305 22 314 137 294        RUTH     R 
 165501165 12312 154 1387 26122  9 88348 69309120   6  11001  1 45   306 23 313 136 293        RUTH     R 
 165501265 12318 166 1396 34145 30130 18100322 92   5 -1 999 -2 50   307 23 312 136 292        RUTH     R 
 165501365 124 0 178 1408 40157 38152 34138346 77   6  0 997 -4 60   306 23 311 137 291        RUTH     R 
 165501465 124 6 187 1423 51166 46159 43154 15 80   4 -1 996 -3 60   305 25 311 136 290        RUTH     R 
 165501565 12412 196 1438 58168 53166 49161 32102   3 -3 996 -1 60   303 25 311 136 289        RUTH     R 
 165501665 12418 207 1458 59193 58185 55179 42133   3 -1 997  1 50   303 25 309 139 289        RUTH     R 
 165501765 125 0 223 1486 59262 59230 58215 49173   4  1 998  2 45   304 24 307 144 288        RUTH     R 
 165501865 125 6 238 1523 63338 62298 61266 55208   3  0 999  2 40   305 25 306 150 287        RUTH     R 
 165501965 12512 246 1563 72371 68348 67315 61236   2 -21000  2 30   306 26 306 156 286        RUTH     R 
 169 1 169 117 6  89 1713-99-99-99-99-99-99-99-99   4-99 980-99 45   290 22 319 146 300        PHYLLIS  S 
 169 1 269 11712  91 1695-99-99-99-99-99-99-99-99   4-99 979-99 55   288 22 318 148 300        PHYLLIS  S 
 169 1 369 11718  92 1677275178-99-99-99-99-99-99   5  1 977 -3 65   287 22 319 155 300        PHYLLIS  S 
 169 1 469 118 0  93 1659273178274178-99-99-99-99   5  1 975 -4 70   286 22 320 162 300        PHYLLIS  S 
 169 1 569 118 6  97 1641278179276179276179-99-99   5  0 971 -6 80   284 22 319 127 298        PHYLLIS  S 
 169 1 669 11812 101 1624283 18280 18278 18-99-99   5  0 969 -6 85   283 22 318 132 298        PHYLLIS  S 
 169 1 769 11818 107 1608287 17286 17282 17-99-99   3 -2 967 -4 85   282 23 318 140 301        PHYLLIS  S 
 169 1 869 119 0 111 1593288 16286 16285 17-99-99   3 -2 966 -3 80   283 24 318 147 305        PHYLLIS  S 
 169 1 969 119 6 115 1579286148288155287159281168   3  0 967  0 80   285 23 317 151 305        PHYLLIS  S 
 169 11069 11912 119 1564286148286149287154282165   3  0 969  3 80   286 23 316 155 305        PHYLLIS  S 
 169 11169 11918 124 1549287153287150286151284162   4  1 970  3 75   288 23 316 136 303        PHYLLIS  S 
 169 11269 120 0 128 1536288144287147287146286157   3  0 973  4 75   288 24 316 142 305        PHYLLIS  S 
 169 11369 120 6 133 1524290130290138289142287150   3 -1 976  6 70   289 23 316 146 305        PHYLLIS  S 
 169 11469 12012 138 1513294123292126291133289143   4  1 976  3 70   291 22 316 151 305        PHYLLIS  S 
 169 11569 12018 140 1503289108291114290119288135   4  1 977  1 65   293 22 316 128 302        PHYLLIS  S 
 169 11669 121 0 137 1497266 78279 89283 98286122   3 -1 980  4 65   295 23 316 132 298        PHYLLIS  S 
 169 11769 121 6 142 1499297 22286 47290 65289103   3 -1 984  7 60   299 23 315 134 298        PHYLLIS  S 
 169 11869 12112 135 1499136 14218 21258 35284 82   3  0 987  7 55   304 24 314 136 298        PHYLLIS  S 
 169 11969 12118 128 1487220 91227 44232 49274 76   3  0 990  6 45   307 24 314 141 298        PHYLLIS  S 
 169 12069 122 0 133 1467266156254108262 74274 84   3  0 993  6 40   308 24 314 146 298        PHYLLIS  S 
 169 12169 122 6 135 1447280198270169262127272 94   3  0 997  7 35   310 22 314 130 298        PHYLLIS  S 
 169 12269 12212 135 1427273195277196270175268105   3  01000  7 25   312 20 314 134 299        PHYLLIS  S 
 169 12369 12218 134 1407269195271195274195266117   3  01003  6 20   314 22 314 138 300        PHYLLIS  S 
 17150 171 1 9 6 107 1378-99-99-99-99-99-99-99-99   5-99 999-99 35   305 18 314 125 298        SARAH    O 
 17150 271 1 912 111 1372-99-99-99-99-99-99-99-99   5-99 997-99 40   303 18 314 128 298        SARAH    O 
 17150 371 1 918 111 1367290 58-99-99-99-99-99-99   6  1 995 -4 45   301 20 313 130 301        SARAH    O 
 17150 471 110 0 108 1368233 25276 33-99-99-99-99   6  1 994 -3 50   299 22 312 132 303        SARAH    O 
 17150 571 110 6 118 1369 16 36337 25321 35-99-99   5 -1 994 -1 50   300 22 312 136 303        SARAH    O 
 17150 671 11012 131 1375 17 12 21  7  8  5-99-99   5 -1 995  1 45   301 22 310 115 306        SARAH    O 
 17150 771 11018 144 1391 40 17 32 14 35 10-99-99   6  1 997  3 40   304 22 309 120 306        SARAH    O 
 17150 871 111 0 148 1403 58 16 48 15 41 13-99-99   7  2 999  4 40   306 22 308 124 305        SARAH    O 
 17150 971 111 6 152 1409 65 96 58130 49129 34 68   6  01000  3 35   307 21 308 125 305        SARAH    O 
 171501071 11112 157 1417 56 81 63 94 57121 44 79   6 -11001  2 30   307 20 308 126 304        SARAH    O 
 172 1 172 1 5 0  99 1377-99-99-99-99-99-99-99-99   2-991000-99 30   304 20 316 105 307        KIT      S 
 172 1 272 1 5 6  98 1365-99-99-99-99-99-99-99-99   2-99 997-99 30   302 21 315 105 306        KIT      S 
 172 1 372 1 512  97 1352265124-99-99-99-99-99-99   3  1 993 -7 40   300 23 314 105 305        KIT      S 
 172 1 472 1 518  99 1339272128270125-99-99-99-99   3  1 991 -6 50   298 23 314 105 305        KIT      S 
 172 1 572 1 6 0 102 1328282121276122274121-99-99   3  0 988 -5 60   296 22 314 105 305        KIT      S 
 172 1 672 1 6 6 107 1318291 11287 12281 12-99-99   3  0 986 -5 65   294 21 313 105 304        KIT      S 
 172 1 772 1 612 111 1307293 11291 11287 12-99-99   3  0 980 -8 70   289 20 313 105 304        KIT      S 
 172 1 872 1 618 114 1296288 11291 11289 11-99-99   3  0 960-26 95   274 20 313 105 305        KIT      S 
 172 1 972 1 7 0 115 1282279124283121286118280118   3  0 935-45120   253 21 313 106 306        KIT      S 
 172 11072 1 7 6 115 1270272128276122280119280119   4  1 936-24105   253 22 313 107 307        KIT      S 
 172 11172 1 712 115 1260270108272118275116281115   4  1 959 24 90   275 23 313 108 308        KIT      S 
 172 11272 1 718 112 1253260 85264 95267106279107   4  0 977 41 85   285 25 313 108 308        KIT      S 
 172 11372 1 8 0 110 1247249 69258 77262 87276100   4  0 985 26 80   290 27 313 109 307        KIT      S 
 172 11472 1 8 6 109 1241256 61252 65258 73272 95   5  1 987 10 70   293 29 314 110 306        KIT      S 
 172 11572 1 812 109 1234266 64261 63257 65268 90   5  1 990  5 55   295 30 314 111 305        KIT      S 
 172 11672 1 818 109 1224270 84268 75264 72266 89   4 -1 993  6 40   298 28 314 111 304        KIT      S 
 172 11772 1 9 0 118 1216297 99290 87285 79273 81   3 -2 995  5 30   301 26 313 111 303        KIT      S 
 172 11872 1 9 6 127 1218342 95319 80309 72283 65   3 -1 999  6 30   304 24 312 111 302        KIT      S 
 172 11972 1 912 136 1220 12 92352 91333 76298 55   2 -11001  6 30   305 23 311 111 302        KIT      S 
 172 12072 1 918 143 1235 46115 37104 18 89331 45   2 -11003  4 30   307 21 311 114 302        KIT      S 
 172 12172 110 0 150 1250 64161 54129 46115  4 50   1 -11004  3 30   308 19 310 117 302        KIT      S 
 172 12272 110 6 152 1257 67116 66131 57113 20 57   1 -11004  1 25   309 19 309 120 302        KIT      S 
 172 12372 11012 153 1265 78 74 71102 69117 35 67   1  01004  0 25   309 19 308 124 302        KIT      S 
 172 12472 11018 152 1272 90 72 85 71 76 92 47 79   1  01004  0 25   310 19 308 127 302        KIT      S 
 172 12572 111 0 150 1280102 74 95 74 90 72 63 88   1  01004  0 25   310 19 309 115 302        KIT      S 
 172 12672 111 6 148 1290103 89102 82 97 80 73 91   1  01004  0 25   310 20 310 117 302        KIT      S 
 172 12772 11112 145 1300105100105 93103 87 83 98   1  01004  0 25   309 20 311 119 302        KIT      S 
 172 12872 11118 143 1309105 95104 96104 92 90 90   1  01004  0 25   309 20 311 121 302        KIT      S 
 172 12972 112 0 140 1317107 86107 91106 93 99 82   1  01004  0 25   309 19 311 124 301        KIT      S 
 172 13072 112 6 139 1324105 75105 80105 85101 83   2  11003 -1 25   309 19 311 127 300        KIT      S 
 172 13172 11212 138 1330 99 64104 70104 75103 81   2  11002 -2 25   309 18 311 130 298        KIT      S 
 172 13272 11218 137 1335101 54100 59103 65104 79   3  11001 -2 25   309 18 311 133 297        KIT      S 
 172 13372 113 0 135 1340107 51104 54103 57105 75   4  21002  0 25   310 18 312 110 307        KIT      S 
 172 13472 113 6 131 1342131 45121 45115 48109 67   4  11003  2 25   311 17 313 112 306        KIT      S 
 172 13572 11312 126 1345152 51139 49129 47114 60   4  01004  2 25   311 17 313 114 305        KIT      S 
 172 13672 11318 121 1348150 58151 53142 51120 55   4  01005  2 25   312 17 313 116 303        KIT      S 
 172 13772 114 0 116 1350154 56153 56153 53127 50   4  01006  2 25   312 17 313 119 300        KIT      S 
 172 13872 114 6 112 1350168 46161 49158 51137 46   3 -11005  0 25   311 16 313 122 298        KIT      S 
 172 13972 11412 108 1350180 40171 44165 47147 45   3 -11004 -2 25   310 16 313 125 296        KIT      S 
 172 14072 11418 104 1350180 40180 40173 43156 45   3  01004 -1 25   310 16 313 128 294        KIT      S 
 172 14172 115 0 100 1350180 40180 40180 40164 45   3  01004  0 25   311 17 314 132 293        KIT      S 
 172 14272 115 6  95 1350180 45180 43180 43168 46   2  01006  2 25   312 17 314 136 292        KIT      S 
 172 14372 11512  90 1350180 50180 47180 45172 45   1 -21008  4 25   313 18 315 140 290        KIT      S 
 174 1 174 1 9 0  86 1297-99-99-99-99-99-99-99-99   4-991000-99 25   -99-99 -99 -99 -99        WANDA    R 
 174 1 274 1 9 6  89 1300-99-99-99-99-99-99-99-99   4-991000-99 30   -99-99 -99 -99 -99        WANDA    R 
 174 1 374 1 912  92 1303 45 42-99-99-99-99-99-99   4  01000  0 30   309 16 311 109 317        WANDA    R 
 174 1 474 1 918  95 1306 45 42 45 42-99-99-99-99   5  1 999 -1 35   307 16 311 -99 -99        WANDA    R 
 174 1 574 110 0  99 1309 40 46 42 45 42 44-99-99   6  2 996 -4 45   305 16 310 -99 -99        WANDA    R 
 174 1 674 110 6 104 1316 48  7 47  6 47  5-99-99   6  1 992 -7 50   301 17 309 -99 -99        WANDA    R 
 174 1 774 11012 110 1323 51  9 48  7 48  7-99-99   5 -1 992 -4 50   298 17 309 -99 -99        WANDA    R 
 174 1 874 11018 117 1329 45  9 48  9 46  8-99-99   5 -1 993  1 55   -99 17 309 -99 -99        WANDA    R 
 174 1 974 111 0 123 1336 44 91 46 91 48 89 46 67   6  1 994  2 45   302 18 309 -99 -99        WANDA    R 
 174 11074 111 6 127 1346 59 97 53 94 52 93 50 74   6  1 996  3 40   304 18 309 -99 -99        WANDA    R 
 174 11174 11112 131 1356 68105 62100 57 96 53 81   8  2 998  4 30   306 19 309 -99 -99        WANDA    R 
 174 11274 11118 134 1367 71108 70107 65102 57 89   6  0 999  3 30   307 19 309 -99 -99        WANDA    R 
 174 11374 112 0 138 1378 72113 71110 70109 60 97   5 -3 999  1 30   308 19 309 -99 -99        WANDA    R 
 174 11474 112 6 143 1388 66111 69111 69110 61101   6  0 996 -3 30   305 19 309 -99 -99        WANDA    R 
 174 11574 11212 147 1398 65107 67109 69110 63102   6  1 993 -6 30   302 19 310 -99 -99        WANDA    R 
 174 11674 11218 149 1412 76120 72116 71115 68109   5 -1 996  0 30   -99 19 310 -99 -99        WANDA    R 
 174 11774 113 0 149 1426 86136 81124 77119 73114   4 -2 999  6 28   -99 19 310 -99 -99        WANDA    R 
 174 11874 113 6 152 1438 83126 83130 80123 74116   4 -11001  5 28   -99 18 311 -99 -99        WANDA    R 
 174 11974 11312 168 1470 66232 71196 73181 71145   4  01003  4 25   -99 18 311 -99 -99        WANDA    R 
 174 12074 11318 174 1498 69308 70245 73216 72166   3 -11003  2 25   -99-99 -99 -99 -99        WANDA    R 
 174 12174 114 0 180 1520 76246 70278 71238 73179   2 -21003  0 25   -99-99 -99 -99 -99        WANDA    R 
 174 12274 114 6 188 1547 73243 75253 71276 74199 -99  0 -99-99 25   -99-99 -99 -99 -99        WANDA    R 
 174 12374 11412 200 1570 67257 69243 71250 72216 -99-99 -99-99 25   -99-99 -99 -99 -99        WANDA    R 
 175 1 175 121 0  65 1375-99-99-99-99-99-99-99-99   3-991008-99 30   -99-99 -99 -99 -99        LOLA     S 
 175 1 275 121 6  66 1370-99-99-99-99-99-99-99-99   4-991006-99 30   -99-99 -99 -99 -99        LOLA     S 
 175 1 375 12112  67 1366283 46-99-99-99-99-99-99   5  21004 -4 30   -99-99 -99 -99 -99        LOLA     S 
 175 1 475 12118  69 1361289 47286 48-99-99-99-99   5  11001 -5 30   -99-99 -99 -99 -99        LOLA     S 
 175 1 575 122 0  71 1356292 54290 49288 50-99-99   6  1 998 -6 35   -99-99 -99 -99 -99        LOLA     S 
 175 1 675 122 6  74 1352299  5297  5294  5-99-99   6  1 994 -7 40   -99-99 -99 -99 -99        LOLA     S 
 175 1 775 12212  77 1349311  5304  5301  5-99-99   6  0 990 -8 40   -99 15 318 -99 -99        LOLA     S 
 175 1 875 12218  79 1344302  5304  5301  5-99-99   7  1 985 -9 45   297 16 318 -99 -99        LOLA     S 
 175 1 975 123 0  81 1340294 49301 46302 47295 48   8  2 986 -4 50   297 17 318 -99 -99        LOLA     S 
 175 11075 123 6  84 1328288 83289 73293 64293 57   9  2 985  0 55   296 18 318 -99 -99        LOLA     S 
 175 11175 12312  86 1315281126284 98285 87291 68  10  2 981 -5 60   293 19 318 113 297        LOLA     S 
 175 11275 12318  88 1298278150280140281116287 82   9  0 977 -8 65   290 19 318 -99 -99        LOLA     S 
 175 11375 124 0  90 1279276179277163279152284 98   8 -2 975 -6 70   289 20 318 -99 -99        LOLA     S 
 175 11475 124 6  91 1263275173276172276162281112   9  0 980  3 65   295 20 319 -99 -99        LOLA     S 
 175 11575 12412 101 1248290162285170283169284128  10  2 990 15 50   300 21 319 105 304        LOLA     S 
 175 11675 12418 107 1227294195288180285181284148   7 -2 993 13 40   301 21 319 106 304        LOLA     S 
 175 11775 125 0 113 1202285234290213287198283175   6 -4 995  5 40   302 21 318 107 305        LOLA     S 
 175 11875 125 6 117 1185284212285213289203283181   6 -1 995  2 40   303 21 318 109 306        LOLA     S 
 175 11975 12512 123 1170288164286194286199285184   5 -1 995  0 45   303 21 318 110 306        LOLA     S 
 175 12075 12518 130 1155294160290163288185287183   5 -1 995  0 50   304 21 318 -99 -99        LOLA     S 
 175 12175 126 0 138 1142299156297156293159290178   6  1 995  0 50   304 21 317 -99 -99        LOLA     S 
 175 12275 126 6 146 1128301154299156298157293179   5  0 995  0 50   305 21 316 -99 -99        LOLA     S 
 175 12375 12612 154 1127318108312121307130294162   4 -2 995  0 50   306 21 315 -99 -99        LOLA     S 
 175 12475 12618 161 1126353 76326 92318105299140   5  0 996  1 45   306 21 315 -99 -99        LOLA     S 
 175 12575 127 0 165 1124345 57349 65327 80305115   6  2 997  2 40   306 20 314 -99 -99        LOLA     S 
 175 12675 127 6 169 1126360 40356 50355 58312 97   6  1 997  1 30   306 20 313 -99 -99        LOLA     S 
 175 12775 12712 163 1128118 22 44  9  6 23315 71   6  0 998  1 30   306 20 313 -99 -99        LOLA     S 
 175 12875 12718 158 1129165 57146 28136 10318 47   4 -2 998  1 30   307 20 313 -99 -99        LOLA     S 
 175 12975 128 0 150 1122204 71191 65187 38302 28   3 -31000  2 30   308 20 314 -99 -99        LOLA     S 
 175 13075 128 6 145 1111233108222 81211 70267 21   3  01004  6 25   310 20 314 -99 -99        LOLA     S 
 175 13175 12812 135 1107224104223104216 86226 34   2 -11010 10 25   312 20 314 108 304        LOLA     S 
 176 1 176 126 0  23 1505-99-99-99-99-99-99-99-99   2-991005-99 20   -99-99 -99 -99 -99        KATHY    R 
 176 1 276 126 6  26 1509-99-99-99-99-99-99-99-99   2-991005-99 20   -99-99 -99 -99 -99        KATHY    R 
 176 1 376 12612  30 1513 49 53-99-99-99-99-99-99   2  01004 -1 20   -99 16 314 -99 -99        KATHY    R 
 176 1 476 12618  35 1513 24 49 34 48-99-99-99-99   3  11004 -1 20   -99 16 314 -99 -99        KATHY    R 
 176 1 576 127 0  40 1512354 50 12 48 22 46-99-99   3  11004  0 20   -99 16 314 -99 -99        KATHY    R 
 176 1 676 127 6  45 1503315  7326  6342  5-99-99   3  01004  0 20   -99 17 314 -99 -99        KATHY    R 
 176 1 776 12712  49 1495298 10308  8316  7-99-99   3  01004  0 20   -99 17 314 -99 -99        KATHY    R 
 176 1 876 12718  53 1486295  9297 10304  8-99-99   3  01003 -1 30   -99 17 314 -99 -99        KATHY    R 
 176 1 976 128 0  57 1478295 94296 92297 95322 54   3  01002 -2 35   -99 18 315 -99 -99        KATHY    R 
 176 11076 128 6  63 1467298107297104297100312 70   4  1 999 -4 35   -99 18 315 -99 -99        KATHY    R 
 176 11176 12812  68 1457298118298108297106304 84   5  2 996 -6 40   306 19 316 125 304        KATHY    R 
 176 11276 12818  72 1446293114295117296110299 95   5  1 996 -3 40   306 19 316 127 303        KATHY    R 
 176 11376 129 0  75 1435288115291113293116295105   5  0 998  2 40   307 20 316 129 302        KATHY    R 
 176 11476 129 6  80 1423289121290119291117294109   6  1 998  2 40   308 20 316 131 300        KATHY    R 
 176 11576 12912  87 1411297133293126293123295115   6  1 996 -2 45   306 21 316 134 299        KATHY    R 
 176 11676 12918  96 1400305139301135298129297119   6  0 993 -5 50   302 21 316 136 298        KATHY    R 
 176 11776 130 0 104 1391311130307132304131299123   6  0 980-16 55   293 21 315 138 296        KATHY    R 
 176 11876 130 6 112 1386319106315117311121302117   6  0 975-18 65   287 21 314 140 295        KATHY    R 
 176 11976 13012 122 1383337 98327103322111307113   6  0 973 -7 65   286 21 314 142 294        KATHY    R 
 176 12076 13018 132 1383352101344 97335 99314108   6  0 973 -2 70   285 21 313 -99 -99        KATHY    R 
 176 12176 131 0 144 1384  3110357107350101324107   6  0 972 -1 75   284 22 312 -99 -99        KATHY    R 
 176 12276 131 6 156 1388 11122  8115  3110336104   6  0 969 -4 80   282 22 311 -99 -99        KATHY    R 
 176 12376 13112 167 1394 23125 17122 13116348102   6  0 971 -1 75   285 22 310 119 296        KATHY    R 
 176 12476 13118 177 1401 31122 26123 21121  1101   5 -1 973  4 70   288-99 -99 122 296        KATHY    R 
 176 12576 2 1 0 184 1416 51135 44129 38126 17104   5 -1 975  4 65   288-99 -99 125 295        KATHY    R 
 176 12676 2 1 6 186 1436 75172 65148 57137 33110   4 -1 975  2 60   290-99 -99 128 294        KATHY    R 
 176 12776 2 112 195 1458 75206 72190 65167 45128   4 -1 980  5 55   291-99 -99 131 293        KATHY    R 
 176 12876 2 118 201 1482 71230 75215 73201 54147   4  0 985 10 50   295-99 -99 135 293        KATHY    R 
 176 12976 2 2 0 208 1505 74230 71229 74218 61165   5  1 990 10 45   299-99 -99 139 293        KATHY    R 
 176 13076 2 2 6 215 1535 74257 75249 73244 67189   5  0 995 10 35   303-99 -99 143 293        KATHY    R 
 176 13176 2 212 215 1560 82259 79248 78244 73205   4 -11000 10 25   306 47 293 -99 -99        KATHY    R 
 178 1 178 1 618  75 1646-99-99-99-99-99-99-99-99 -99-991002-99 25   311-99 -99 -99 -99        NADINE   R 
 178 1 278 1 7 0  76 1640-99-99-99-99-99-99-99-99 -99-991002-99 25   311-99 -99 -99 -99        NADINE   R 
 178 1 378 1 7 6  78 1635285 57-99-99-99-99-99-99 -99-991002  0 25   311-99 -99 -99 -99        NADINE   R 
 178 1 478 1 712  80 1630292 53288 55-99-99-99-99 -99-991002  0 25   311-99 -99 -99 -99        NADINE   R 
 178 1 578 1 718  85 1624303 65300 61295 60-99-99 -99-991002  0 25   311-99 -99 -99 -99        NADINE   R 
 178 1 678 1 8 0  90 1620315 70309 64305 61-99-99 -99-991002  0 25   311-99 -99 -99 -99        NADINE   R 
 178 1 778 1 8 6  93 1621339 43325 53317 51-99-99 -99-991001 -1 25   310-99 -99 -99 -99        NADINE   R 
 178 1 878 1 812  95 1624 38 32360 33338 40-99-99 -99-991000 -3 30   309-99 -99 -99 -99        NADINE   R 
 178 1 978 1 818  99 1626 39 39 33 36  8 35321 39 -99-991000 -2 30   309-99 -99 -99 -99        NADINE   R 
 178 11078 1 9 0 102 1628 29 40 38 38 33 36336 36 -99-991000  0 30   309-99 -99 -99 -99        NADINE   R 
 178 11178 1 9 6 102 1623315 21352 24 12 23334 33 -99-991000  0 30   309-99 -99 -99 -99        NADINE   R 
 178 11278 1 912 102 1615270 64286 37308 28326 33 -99-991000  0 30   309-99 -99 -99 -99        NADINE   R 
 178 11378 1 918 104 1613282 50278 50291 34330 27 -99-99 999 -1 30   308-99 -99 -99 -99        NADINE   R 
 178 11478 110 0 110 1611334 45304 48296 46336 27 -99-99 997 -3 35   306-99 -99 -99 -99        NADINE   R 
 178 11578 110 6 118 1609344 73340 57319 53335 35 -99-99 996 -3 35   305-99 -99 -99 -99        NADINE   R 
 178 11678 11012 127 1606344 88343 80341 66331 46 -99-99 994 -3 40   304-99 -99 -99 -99        NADINE   R 
 178 11778 11018 135 1604344 88345 86344 81329 52 -99-99 993 -3 40   302-99 -99 -99 -99        NADINE   R 
 178 11878 111 0 144 1601344 88343 91344 88328 62 -99-99 991 -3 45   301-99 -99 -99 -99        NADINE   R 
 178 11978 111 6 152 1604360 85356 84352 86340 67 -99-99 989 -3 45   300-99 -99 -99 -99        NADINE   R 
 178 12078 11112 159 1614 40 98 22 86 14 82359 71 -99-99 987 -3 50   298-99 -99 -99 -99        NADINE   R 
 178 12178 11118 165 1626 58124 49107 35 92 12 78 -99-99 986 -4 50   296-99 -99 -99 -99        NADINE   R 
 178 12278 112 0 171 1643 67151 63140 56122 27 86 -99-99 984 -4 55   295-99 -99 -99 -99        NADINE   R 
 178 12378 112 6 179 1664 69195 67173 65159 41101 -99-99 982 -4 55   293-99 -99 -99 -99        NADINE   R 
 178 12478 11212 188 1686 67222 68205 67186 52123 -99-99 980 -4 60   291-99 -99 -99 -99        NADINE   R 
 178 12578 11218 200 1709 64237 65230 66216 57150 -99  0 981 -1 60   293-99 -99 -99 -99        NADINE   R 
 178 12678 113 0 216 1732 57257 60246 62238 60180 -99-99 987  7 50   298-99 -99 -99 -99        NADINE   R 
 179 1 179 1 1 0  25 1707-99-99-99-99-99-99-99-99 -99-991004-99 20   313-99 -99 -99 -99        ALICE    S 
 179 1 279 1 1 6  31 1701-99-99-99-99-99-99-99-99 -99-991002-99 25   311-99 -99 -99 -99        ALICE    S 
 179 1 379 1 112  39 1696322 89-99-99-99-99-99-99 -99-991000 -5 30   309-99 -99 -99 -99        ALICE    S 
 179 1 479 1 118  46 1692329 87325 86-99-99-99-99 -99-99 997 -5 35   306-99 -99 -99 -99        ALICE    S 
 179 1 579 1 2 0  52 1687325 79326 84324 84-99-99 -99-99 994 -6 40   304-99 -99 -99 -99        ALICE    S 
 179 1 679 1 2 6  57 1682317 74322 76323 80-99-99 -99-99 991 -6 45   301-99 -99 -99 -99        ALICE    S 
 179 1 779 1 212  62 1678318 67319 71322 73-99-99 -99-99 987 -7 50   298-99 -99 -99 -99        ALICE    S 
 179 1 879 1 218  67 1677333 56326 60324 64-99-99 -99-99 984 -7 55   295-99 -99 -99 -99        ALICE    S 
 179 1 979 1 3 0  72 1680 11 51353 50341 53330 68 -99-99 984 -4 55   295-99 -99 -99 -99        ALICE    S 
 179 11079 1 3 6  80 1683 25 72 15 62  3 58340 65 -99-99 987  4 50   298-99 -99 -99 -99        ALICE    S 
 179 11179 1 312  85 1682  9 66 15 62 10 58343 60 -99-99 987  4 50   298-99 -99 -99 -99        ALICE    S 
 179 11279 1 318  89 1681348 46  3 57 10 56346 55 -99-99 987  0 50   298-99 -99 -99 -99        ALICE    S 
 179 11379 1 4 0  92 1680344 36346 41360 50350 51 -99-99 984 -4 55   295-99 -99 -99 -99        ALICE    S 
 179 11479 1 4 6  94 1678329 29336 33341 37354 47 -99-99 984 -4 55   295-99 -99 -99 -99        ALICE    S 
 179 11579 1 412  95 1668284 61295 47306 43343 43 -99-99 984  0 55   295-99 -99 -99 -99        ALICE    S 
 179 11679 1 418  95 1660273 89279 67286 54329 41 -99-99 984  0 55   295-99 -99 -99 -99        ALICE    S 
 179 11779 1 5 0  95 1651270 84272 89276 72309 46 -99-99 984  0 55   295-99 -99 -99 -99        ALICE    S 
 179 11879 1 5 6  97 1644277 80275 79275 84294 53 -99-99 980 -4 60   291-99 -99 -99 -99        ALICE    S 
 179 11979 1 512 100 1636289 78282 81279 80288 60 -99-99 976 -8 65   288-99 -99 -99 -99        ALICE    S 
 179 12079 1 518 106 1627298 95295 87289 86288 70 -99-99 976 -4 65   288-99 -99 -99 -99        ALICE    S 
 179 12179 1 6 0 111 1617301108298100296 93287 81 -99-99 971 -4 70   284-99 -99 -99 -99        ALICE    S 
 179 12279 1 6 6 116 1606296115299112297105287 93 -99-99 967 -9 75   280-99 -99 -99 -99        ALICE    S 
 179 12379 1 612 120 1594292121293118296115289 96 -99-99 963 -9 80   276-99 -99 -99 -99        ALICE    S 
 179 12479 1 618 122 1586287102290108292108290 97 -99-99 958 -9 85   272-99 -99 -99 -99        ALICE    S 
 179 12579 1 7 0 123 1578281 80284 94287100291 96 -99-99 953-10 90   268-99 -99 -99 -99        ALICE    S 
 179 12679 1 7 6 123 1566273 98276 92280 99289101 -99-99 948-10 95   264-99 -99 -99 -99        ALICE    S 
 179 12779 1 712 123 1555270112272101275 96286103 -99-99 943-10100   259-99 -99 -99 -99        ALICE    S 
 179 12879 1 718 122 1544267108268111270103281104 -99-99 938-10105   255-99 -99 -99 -99        ALICE    S 
 179 12979 1 8 0 121 1530265123267118268117277107 -99-99 932-11110   250-99 -99 -99 -99        ALICE    S 
 179 13079 1 8 6 120 1515266142266131267125273111 -99-99 943  5100   259-99 -99 -99 -99        ALICE    S 
 179 13179 1 812 120 1502268137267137267130270112 -99-99 953 21 90   268-99 -99 -99 -99        ALICE    S 
 179 13279 1 818 119 1490268122267131267132268117 -99-99 958 15 85   272-99 -99 -99 -99        ALICE    S 
 179 13379 1 9 0 119 1479268113268117268125268121 -99-99 963 10 80   276-99 -99 -99 -99        ALICE    S 
 179 13479 1 9 6 121 1466275118272117271120269122 -99-99 967  9 75   280-99 -99 -99 -99        ALICE    S 
 179 13579 1 912 121 1454275123273118271117269123 -99-99 971  9 70   284-99 -99 -99 -99        ALICE    S 
 179 13679 1 918 120 1442268118272121271117269125 -99-99 967  0 75   280-99 -99 -99 -99        ALICE    S 
 179 13779 110 0 118 1430263118265118269120268122 -99-99 967 -4 75   280-99 -99 -99 -99        ALICE    S 
 179 13879 110 6 121 1417272122270121270120271120 -99-99 963 -5 80   276-99 -99 -99 -99        ALICE    S 
 179 13979 11012 122 1406280119273118271117271117 -99-99 963 -5 80   276-99 -99 -99 -99        ALICE    S 
 179 14079 11018 122 1398273 93277105273108272113 -99-99 958 -5 85   272-99 -99 -99 -99        ALICE    S 
 179 14179 111 0 124 1389277 84276 92279101273110 -99-99 953-10 90   268-99 -99 -99 -99        ALICE    S 
 179 14279 111 6 127 1383289 77283 77280 84274102 -99-99 948-10 95   264-99 -99 -99 -99        ALICE    S 
 179 14379 11112 131 1378303 64295 72288 72278 94 -99-99 948 -5 95   264-99 -99 -99 -99        ALICE    S 
 179 14479 11118 134 1376316 49308 54299 61282 82 -99-99 943 -5100   259-99 -99 -99 -99        ALICE    S 
 179 14579 112 0 137 1373321 39316 47310 51289 73 -99-99 943 -5100   259-99 -99 -99 -99        ALICE    S 
 179 14679 112 6 141 1370320 46322 42318 47294 62 -99-99 943  0100   259-99 -99 -99 -99        ALICE    S 
 179 14779 11212 145 1366320 53319 49320 46301 57 -99-99 953 10 90   268-99 -99 -99 -99        ALICE    S 
 179 14879 11218 150 1365332 51329 50326 48311 53 -99-99 963 20 80   276-99 -99 -99 -99        ALICE    S 
 179 14979 113 0 154 1366360 45343 45338 46323 47 -99-99 971 18 70   284-99 -99 -99 -99        ALICE    S 
 179 15079 113 6 158 1369 26 44 13 44357 43336 42 -99-99 984 21 55   295-99 -99 -99 -99        ALICE    S 
 179 15179 11312 161 1373 44 49 35 45 23 43351 38 -99-99 991 19 45   301-99 -99 -99 -99        ALICE    S 
 179 15279 11318 161 1370 18 16 29 27 24 30348 35 -99-99 994 10 40   304-99 -99 -99 -99        ALICE    S 
 179 15379 114 0 161 1365270 38308 16352 18342 32 -99  01000  9 30   309-99 -99 -99 -99        ALICE    S 
 179 15479 114 6 160 1360264 48265 42283 22333 27 -99-991004 11 20   313-99 -99 -99 -99        ALICE    S 
 185 1 185 1 6 0  41 1561999-99999-99999-99999-99 -99-991005-99 20   -99-99 -99 -99 -99        ELSIE    R 
 185 1 285 1 6 6  45 1556999-99999-99999-99999-99 -99-991005-99 20   -99-99 -99 -99 -99        ELSIE    R 
 185 1 385 1 612  49 1551309 64999-99999-99999-99 -99-991005  0 20   -99-99 -99 -99 -99        ELSIE    R 
 185 1 485 1 618  54 1546312 67311 66999-99999-99 -99-991003 -2 25   -99-99 -99 -99 -99        ELSIE    R 
 185 1 585 1 7 0  59 1541315 71313 68312 67999-99 -99-991000 -5 30   -99-99 -99 -99 -99        ELSIE    R 
 185 1 685 1 7 6  67 1532313 95314 87313 81999-99 -99-99 997 -6 35   -99-99 -99 -99 -99        ELSIE    R 
 185 1 785 1 712  80 1520315148315122315109999-99 -99-99 994 -6 40   -99-99 -99 -99 -99        ELSIE    R 
 185 1 885 1 718  92 1509318169316153316132999-99 -99-99 997  0 35   -99-99 -99 -99 -99        ELSIE    R 
 185 1 985 1 8 0 105 1496317172317174316160315114 -99-991000  6 30   -99-99 -99 -99 -99        ELSIE    R 
 185 11085 1 8 6 120 1485320183319176319176317128 -99-991003  6 25   -99-99 -99 -99 -99        ELSIE    R 
 185 11185 1 812 138 1479333185327182325176321142 -99-991003  3 25   -99-99 -99 -99 -99        ELSIE    R 
 185 11285 1 818 155 1481354176344174337172328149 -99-991005  2 20   -99-99 -99 -99 -99        ELSIE    R 
 185 11385 1 9 0 172 1484  8172359173350170334157 -99-991005  2 20   -99-99 -99 -99 -99        ELSIE    R 
 185 2 185 1 8 6 124 1340999-99999-99999-99999-99 -99-99 997-99 35   -99-99 -99 -99 -99        FABIAN   O 
 185 2 285 1 812 121 1342999-99999-99999-99999-99 -99-99 994-99 40   -99-99 -99 -99 -99        FABIAN   O 
 185 2 385 1 818 118 1344147 36999-99999-99999-99 -99-99 991 -6 45   -99-99 -99 -99 -99        FABIAN   O 
 185 2 485 1 9 0 113 1346154 44152 42999-99999-99 -99-99 987 -7 50   -99-99 -99 -99 -99        FABIAN   O 
 185 2 585 1 9 6 105 1352149 76149 63148 56999-99 -99-99 984 -7 55   -99-99 -99 -99 -99        FABIAN   O 
 185 2 685 1 912  99 1359138 95142 80143 69999-99 -99-99 987  0 50   -99-99 -99 -99 -99        FABIAN   O 
 185 2 785 1 918  94 1367127 92133 94137 82999-99 -99-99 991  7 45   -99-99 -99 -99 -99        FABIAN   O 
 185 2 885 110 0  92 1375114 86120 87126 89999-99 -99-99 991  4 45   -99-99 -99 -99 -99        FABIAN   O 
 185 2 985 110 6  92 1380 99 65109 73115 76129 63 -99-99 991  0 45   -99-99 -99 -99 -99        FABIAN   O 
 185 21085 11012  93 1383 83 40 94 53104 61125 61 -99-99 994  3 40   -99-99 -99 -99 -99        FABIAN   O 
 185 21185 11018  94 1384 63 22 77 30 90 42121 58 -99-99 994  3 40   -99-99 -99 -99 -99        FABIAN   O 
 185 21285 111 0  97 1385 26 22 45 23 63 28113 52 -99-99 994  0 40   -99-99 -99 -99 -99        FABIAN   O 
 185 21385 111 6  99 1387 31 29 33 24 45 25100 44 -99-99 994  0 40   -99-99 -99 -99 -99        FABIAN   O 
 185 21485 11112  97 1390 90 25 63 22 60 20 94 38 -99-99 997  3 35   -99-99 -99 -99 -99        FABIAN   O 
 185 21585 11118  95 1391135 28109 21 82 17 88 30 -99-99 997  3 35   -99-99 -99 -99 -99        FABIAN   O 
 185 21685 112 0  92 1390180 25157 25135 18 90 18 -99-991000  3 30   -99-99 -99 -99 -99        FABIAN   O 
 185 21785 112 6  92 1388225 21202 18172 18 90 10 -99-991000  3 30   -99-99 -99 -99 -99        FABIAN   O 
 185 21885 11212  92 1386270 20239 19218 16109  4 -99-991003  3 25   -99-99 -99 -99 -99        FABIAN   O 
 185 21985 11218  92 1383270 25270 23249 21206  3 -99-991003  3 25   -99-99 -99 -99 -99        FABIAN   O 
 185 22085 113 0  93 1379278 35276 30275 27236  9 -99-991005  2 20   -99-99 -99 -99 -99        FABIAN   O 
 187 1 187 1 612  58 1624999-99999-99999-99999-99 -99-991005-99 20   -99-99 -99 -99 -99        ORCHID   O 
 187 1 287 1 618  62 1605999-99999-99999-99999-99 -99-991005-99 20   -99-99 -99 -99 -99        ORCHID   O 
 187 1 387 1 7 0  64 1584279201999-99999-99999-99 -99-991005  0 20   -99-99 -99 -99 -99        ORCHID   O 
 187 1 487 1 7 6  66 1566276195278194999-99999-99 -99-991003 -2 25   -99-99 -99 -99 -99        ORCHID   O 
 187 1 587 1 712  69 1550278171277184279186999-99 -99-991003 -2 25   -99-99 -99 -99 -99        ORCHID   O 
 187 1 687 1 718  71 1537280146279157278170999-99 -99-991000 -3 30   -99-99 -99 -99 -99        ORCHID   O 
 187 1 787 1 8 0  72 1524277130278140278150999-99 -99-991000 -3 30   -99-99 -99 -99 -99        ORCHID   O 
 187 1 887 1 8 6  72 1514273114275120277130999-99 -99-991000  0 30   -99-99 -99 -99 -99        ORCHID   O 
 187 1 987 1 812  72 1506270 89272103274109277148 -99-99 997 -3 35   -99-99 -99 -99 -99        ORCHID   O 
 187 11087 1 818  72 1500270 69270 79272 92276131 -99-99 997 -3 35   -99-99 -99 -99 -99        ORCHID   O 
 187 11187 1 9 0  73 1492274 70273 73272 79276115 -99-99 994 -3 40   -99-99 -99 -99 -99        ORCHID   O 
 187 11287 1 9 6  75 1480279100277 87275 85276107 -99-99 994 -3 40   -99-99 -99 -99 -99        ORCHID   O 
 187 11387 1 912  79 1465283137281118280103277106 -99-99 991 -3 45   -99-99 -99 -99 -99        ORCHID   O 
 187 11487 1 918  84 1449286160285147283130279110 -99-99 987 -7 50   -99-99 -99 -99 -99        ORCHID   O 
 187 11587 110 0  88 1434286160286158285148280113 -99-99 984 -7 55   -99-99 -99 -99 -99        ORCHID   O 
 187 11687 110 6  92 1419285153286158286157282120 -99-99 976-11 65   -99-99 -99 -99 -99        ORCHID   O 
 187 11787 11012  97 1404287155286154287157284130 -99-99 968-16 75   -99-99 -99 -99 -99        ORCHID   O 
 187 11887 11018 100 1391286144286147286149285139 -99-99 958-18 85   -99-99 -99 -99 -99        ORCHID   O 
 187 11987 111 0 102 1379282126284136285140285144 -99-99 949-19 95   -99-99 -99 -99 -99        ORCHID   O 
 187 12087 111 6 105 1368283116283121285130285143 -99-99 954 -4 90   -99-99 -99 -99 -99        ORCHID   O 
 187 12187 11112 108 1358286107284111284116285137 -99-99 963 14 80   -99-99 -99 -99 -99        ORCHID   O 
 187 12287 11118 109 1349282 95283101282106284127 -99-99 972 18 70   -99-99 -99 -99 -99        ORCHID   O 
 187 12387 112 0 111 1340280 90282 94283 98284119 -99-99 980 17 60   -99-99 -99 -99 -99        ORCHID   O 
 187 12487 112 6 114 1333288 82284 84285 89285109 -99-99 980  8 60   -99-99 -99 -99 -99        ORCHID   O 
 187 12587 11212 117 1327295 70290 77287 79285 98 -99-99 976 -4 65   -99-99 -99 -99 -99        ORCHID   O 
 187 12687 11218 117 1322286 56289 62287 69284 87 -99-99 980  0 60   -99-99 -99 -99 -99        ORCHID   O 
 187 12787 113 0 113 1316250 57267 56275 59280 79 -99-99 987 11 50   -99-99 -99 -99 -99        ORCHID   O 
 187 12887 113 6 108 1311230 70240 60255 56273 70 -99-99 991 11 45   -99-99 -99 -99 -99        ORCHID   O 
 187 12987 11312 101 1307216 74223 73231 63262 63 -99-99 994  7 40   -99-99 -99 -99 -99        ORCHID   O 
 187 13087 11318  87 1304198110204 95211 87244 62 -99-99 997  6 35   -99-99 -99 -99 -99        ORCHID   O 
 187 13187 114 0  68 1299194170197139201120223 74 -99-991000  6 30   -99-99 -99 -99 -99        ORCHID   O 
 188 1 188 1 5 6  29 1744999-99999-99999-99999-99 -99-991003-99 25   -99-99 -99 -99 -99        ROY      S 
 188 1 288 1 512  29 1748999-99999-99999-99999-99 -99-991003-99 25   -99-99 -99 -99 -99        ROY      S 
 188 1 388 1 518  30 1754 84 50999-99999-99999-99 -99-991003  0 25   -99-99 -99 -99 -99        ROY      S 
 188 1 488 1 6 0  33 1760 72 63 76 55999-99999-99 -99-991003  0 25   -99-99 -99 -99 -99        ROY      S 
 188 1 588 1 6 6  38 1768 60 80 66 73 69 64999-99 -99-991003  0 25   -99-99 -99 -99 -99        ROY      S 
 188 1 688 1 612  45 1772 45 85 50 78 56 72999-99 -99-991003  0 25   -99-99 -99 -99 -99        ROY      S 
 188 1 788 1 618  54 1768360 80 21 75 30 69999-99 -99-991003  0 25   -99-99 -99 -99 -99        ROY      S 
 188 1 888 1 7 0  58 1758313 95334 74355 63999-99 -99-991003  0 25   -99-99 -99 -99 -99        ROY      S 
 188 1 988 1 7 6  66 1750304108314101327 83  9 47 -99-991003  0 25   -99-99 -99 -99 -99        ROY      S 
 188 11088 1 712  77 1742320124312115317109353 60 -99-991003  0 25   -99-99 -99 -99 -99        ROY      S 
 188 11188 1 718  78 1728299124304120301116332 68 -99-991003  0 25   -99-99 -99 -99 -99        ROY      S 
 188 11288 1 8 0  79 1715274134291124296119316 80 -99-991000 -3 30   -99-99 -99 -99 -99        ROY      S 
 188 11388 1 8 6  80 1703275124274129287122303 96 -99-99 997 -6 35   -99-99 -99 -99 -99        ROY      S 
 188 11488 1 812  81 1692275114275119275124294109 -99-99 991 -9 45   -99-99 -99 -99 -99        ROY      S 
 188 11588 1 818  82 1680275114275116275119288115 -99-99 987-10 50   -99-99 -99 -99 -99        ROY      S 
 188 11688 1 9 0  82 1667272124273119274119285117 -99-99 984 -7 55   -99-99 -99 -99 -99        ROY      S 
 188 11788 1 9 6  83 1653272134273129274124280122 -99-99 980 -7 60   -99-99 -99 -99 -99        ROY      S 
 188 11888 1 912  83 1637272148271142272136273130 -99-99 976 -8 65   -99-99 -99 -99 -99        ROY      S 
 188 11988 1 918  84 1616272183272168272158273139 -99-99 972 -8 70   -99-99 -99 -99 -99        ROY      S 
 188 12088 110 0  88 1594277214275195275181274150 -99-99 958-18 85   -99-99 -99 -99 -99        ROY      S 
 188 12188 110 6  92 1573281216278213277199275161 -99-99 949-23 95   -99-99 -99 -99 -99        ROY      S 
 188 12288 11012  99 1551285219283220281216277176 -99-99 927-31115   -99-99 -99 -99 -99        ROY      S 
 188 12388 11018 106 1530288223286219285219279187 -99-99 927-22115   -99-99 -99 -99 -99        ROY      S 
 188 12488 111 0 114 1515293192291204289205282191 -99-99 927  0115   -99-99 -99 -99 -99        ROY      S 
 188 12588 111 6 117 1502292148291171290185283191 -99-99 933  6110   -99-99 -99 -99 -99        ROY      S 
 188 12688 11112 123 1491291126294139292159286186 -99-99 933  6110   -99-99 -99 -99 -99        ROY      S 
 188 12788 11118 129 1479298127293128295137289177 -99-99 938  5105   -99-99 -99 -99 -99        ROY      S 
 188 12888 112 0 131 1467289124292123290125289165 -99-99 933  0110   -99-99 -99 -99 -99        ROY      S 
 188 12988 112 6 138 1456292121294124295124292154 -99-99 933 -5110   -99-99 -99 -99 -99        ROY      S 
 188 13088 11212 140 1443291125287122290124291142 -99-99 933  0110   -99-99 -99 -99 -99        ROY      S 
 188 13188 11218 146 1433290118294121291119293128 -99-99 933  0110   -99-99 -99 -99 -99        ROY      S 
 188 13288 113 0 152 1424303110294113297117293120 -99-99 938  5105   -99-99 -99 -99 -99        ROY      S 
 188 13388 113 6 153 1417294 85297 94292102294113 -99-99 938  5105   -99-99 -99 -99 -99        ROY      S 
 188 13488 11312 152 1410270 68285 77291 85290105 -99-99 943  5100   -99-99 -99 -99 -99        ROY      S 
 188 13588 11318 147 1402248 78257 73272 75284 96 -99-99 949 11 95   -99-99 -99 -99 -99        ROY      S 
 188 13688 114 0 140 1391237110243 94249 85277 93 -99-99 954 11 90   -99-99 -99 -99 -99        ROY      S 
 188 13788 114 6 132 1374241155240134243117266100 -99-99 958  9 85   -99-99 -99 -99 -99        ROY      S 
 188 13888 11412 126 1358246175244159243142260105 -99-99 958  4 85   -99-99 -99 -99 -99        ROY      S 
 188 13988 11418 123 1339255176251178249164256118 -99-99 954 -4 90   -99-99 -99 -99 -99        ROY      S 
 188 14088 115 0 124 1317267200262187258185255134 -99-99 954 -4 90   -99-99 -99 -99 -99        ROY      S 
 188 14188 115 6 126 1297274206270198265188257149 -99-99 954  0 90   -99-99 -99 -99 -99        ROY      S 
 188 14288 11512 128 1277276196275202271198260164 -99-99 954  0 90   -99-99 -99 -99 -99        ROY      S 
 188 14388 11518 130 1259276186276190275196263175 -99-99 958  4 85   -99-99 -99 -99 -99        ROY      S 
 188 14488 116 0 131 1246276152276167276174266177 -99-99 968 14 75   -99-99 -99 -99 -99        ROY      S 
 188 14588 116 6 131 1233272127274143275156270172 -99-99 976 18 65   -99-99 -99 -99 -99        ROY      S 
 188 14688 11612 137 1222284120281122280136275166 -99-99 987 19 50   -99-99 -99 -99 -99        ROY      S 
 188 14788 11618 138 1210287117281119280121277158 -99-99 994 18 40   -99-99 -99 -99 -99        ROY      S 
 188 14888 117 0 134 1194264137275127273127275150 -99-99 994  7 40   -99-99 -99 -99 -99        ROY      S 
 188 14988 117 6 137 1180268146270136277130276143 -99-99 997  3 35   -99-99 -99 -99 -99        ROY      S 
 188 15088 11712 138 1166278137270142271136275136 -99-991000  6 30   -99-99 -99 -99 -99        ROY      S 
 188 15188 11718 140 1154277127279131272136276128 -99-991003  6 25   -99-99 -99 -99 -99        ROY      S 
 188 15288 118 0 139 1145273102273114276120275123 -99-991003  3 25   -99-99 -99 -99 -99        ROY      S 
 189 1 189 1 912 159-1483999-99999-99999-99999-99 -99-991003-99 25   -99-99 -99 -99 -99        WINONA   S 
 189 1 289 1 918 162-1493999-99999-99999-99999-99 -99-991003-99 25   -99-99 -99 -99 -99        WINONA   S 
 189 1 389 110 0 164-1503285 99999-99999-99999-99 -99-991003  0 25   -99-99 -99 -99 -99        WINONA   S 
 189 1 489 110 6 166-1515281107283105999-99999-99 -99-991003  0 25   -99-99 -99 -99 -99        WINONA   S 
 189 1 589 11012 168-1531279136279123281117999-99 -99-991003  0 25   -99-99 -99 -99 -99        WINONA   S 
 189 1 689 11018 172-1549281165280149281136999-99 -99-991003  0 25   -99-99 -99 -99 -99        WINONA   S 
 189 1 789 111 0 179-1569287190284177283162999-99 -99-991003  0 25   -99-99 -99 -99 -99        WINONA   S 
 189 1 889 111 6 187-1583295178291177288170999-99 -99-991003  0 25   -99-99 -99 -99 -99        WINONA   S 
 189 1 989 11112 195-1590309128301151296156290135 -99-991003  0 25   -99-99 -99 -99 -99        WINONA   S 
 189 11089 11118 200-1600309103306120300140291136 -99-991003  0 25   -99-99 -99 -99 -99        WINONA   S 
 189 11189 112 0 204-1613293117301110301121291140 -99-991003  0 25   -99-99 -99 -99 -99        WINONA   S 
 189 11289 112 6 206-1624285116289113296108291138 -99-991003  0 25   -99-99 -99 -99 -99        WINONA   S 
 189 11389 11212 208-1638280119283122286117292136 -99-991000 -3 30   -99-99 -99 -99 -99        WINONA   S 
 189 11489 11218 210-1650279123280117282120292128 -99-991000 -3 30   -99-99 -99 -99 -99        WINONA   S 
 189 11589 113 0 213-1662283115281121281117291117 -99-991000  0 30   -99-99 -99 -99 -99        WINONA   S 
 189 11689 113 6 212-1675275117277116277120286113 -99-991000  0 30   -99-99 -99 -99 -99        WINONA   S 
 189 11789 11312 210-1688263122270118273117279116 -99-991000  0 30   -99-99 -99 -99 -99        WINONA   S 
 189 11889 11318 207-1705260142262135267129274123 -99-99 997 -3 35   -99-99 -99 -99 -99        WINONA   S 
 189 11989 114 0 209-1721268154266143266138273126 -99-99 994 -6 40   -99-99 -99 -99 -99        WINONA   S 
 189 12089 114 6 209-1731275122269134267131272125 -99-99 994 -3 40   -99-99 -99 -99 -99        WINONA   S 
 189 12189 11412 209-1742270 98273116269126271121 -99-99 994  0 40   -99-99 -99 -99 -99        WINONA   S 
 189 12289 11418 210-1758272126272115274124270126 -99-99 994  0 40   -99-99 -99 -99 -99        WINONA   S 
 189 12389 115 0 210-1775272154271137271126268132 -99-99 994  0 40   -99-99 -99 -99 -99        WINONA   S 
 189 12489 115 6 210-1795270173271165271149269140 -99-99 994  0 40   -99-99 -99 -99 -99        WINONA   S 
 189 12589 11512 206 1787264179266172267166268146 -99-99 994  0 40   -99-99 -99 -99 -99        WINONA   S 
 189 12689 11518 204 1767260180264182265176269150 -99-99 994  0 40   -99-99 -99 -99 -99        WINONA   S 
 189 12789 116 0 197 1745257202257192260190265158 -99-99 994  0 40   -99-99 -99 -99 -99        WINONA   S 
 189 12889 116 6 190 1720252232256217256206262177 -99-99 994  0 40   -99-99 -99 -99 -99        WINONA   S 
 189 12989 11612 185 1693256253255241257228261196 -99-99 994  0 40   -99-99 -99 -99 -99        WINONA   S 
 189 13089 11618 180 1666259261257256256246260211 -99-99 994  0 40   -99-99 -99 -99 -99        WINONA   S 
 189 13189 117 0 177 1635262278261272259265260228 -99-99 994  0 40   -99-99 -99 -99 -99        WINONA   S 
 189 13289 117 6 173 1608263279262273261269259237 -99-99 994  0 40   -99-99 -99 -99 -99        WINONA   S 
 189 13389 11712 168 1580260266262276261273259250 -99-99 994  0 40   -99-99 -99 -99 -99        WINONA   S 
 189 13489 11718 167 1560263231262241263255259250 -99-99 994  0 40   -99-99 -99 -99 -99        WINONA   S 
 189 13589 118 0 165 1538266202263225263234261249 -99-99 994  0 40   -99-99 -99 -99 -99        WINONA   S 
 189 13689 118 6 164 1518266202266198264216262243 -99-99 991 -3 45   -99-99 -99 -99 -99        WINONA   S 
 189 13789 11812 162 1500265183265193266192263232 -99-99 987 -7 50   -99-99 -99 -99 -99        WINONA   S 
 189 13889 11818 158 1480261185263187263193263224 -99-99 987 -4 50   -99-99 -99 -99 -99        WINONA   S 
 189 13989 119 0 152 1457256213258200261197262216 -99-99 984 -3 55   -99-99 -99 -99 -99        WINONA   S 
 189 14089 119 6 146 1429256253257234258219261218 -99-99 984 -3 55   -99-99 -99 -99 -99        WINONA   S 
 189 14189 11912 140 1400258282257265257248261220 -99-99 984  0 55   -99-99 -99 -99 -99        WINONA   S 
 189 14289 11918 138 1372262279260278259266261230 -99-99 991  7 45   -99-99 -99 -99 -99        WINONA   S 
 189 14389 120 0 135 1345265268262274261275261236 -99-99 994 10 40   -99-99 -99 -99 -99        WINONA   S 
 189 14489 120 6 135 1323266239266250264259261238 -99-991000  9 30   -99-99 -99 -99 -99        WINONA   S 
 189 14589 12012 135 1305270194267217267231262238 -99-991000  6 30   -99-99 -99 -99 -99        WINONA   S 
 189 14689 12018 133 1289267166268182267202262233 -99-991000  0 30   -99-99 -99 -99 -99        WINONA   S 
 189 14789 121 0 131 1277262138265150267166263220 -99-991000  0 30   -99-99 -99 -99 -99        WINONA   S 
 189 14889 121 6 123 1263249136254142258149262204 -99-991003  3 25   -99-99 -99 -99 -99        WINONA   S 
 189 14989 12112 119 1247248158251144254147262188 -99-991003  3 25   -99-99 -99 -99 -99        WINONA   S 
 189 15089 12118 117 1232259155252154254145261173 -99-991005  2 20   -99-99 -99 -99 -99        WINONA   S 
 189 15189 122 0 116 1208266191263181258173262169 -99-991005  2 20   -99-99 -99 -99 -99        WINONA   S 
