 346 1 146 327 0 120 1533-99-99-99-99-99-99-99-99   3-991000-99 45   305 25 310 114 308        BARBARA  R 
 346 1 246 327 6 125 1525-99-99-99-99-99-99-99-99   4-99 996-99 55   302 25 310 116 308        BARBARA  R 
 346 1 346 32712 125 1520292 68-99-99-99-99-99-99   3  0 990-10 70   298 25 310 118 308        BARBARA  R 
 346 1 446 32718 125 1515270 49286 61-99-99-99-99   4  0 983-13 70   291 25 309 120 309        BARBARA  R 
 346 1 546 328 0 126 1511277 44274 46286 56-99-99   4  1 974-16 70   285 25 308 121 308        BARBARA  R 
 346 1 646 328 6 127 1506283  5278  5276  5-99-99   5  1 968-15 90   279 25 308 123 307        BARBARA  R 
 346 1 746 32812 128 1502283  5283  4280  4-99-99   4  0 965 -9100   277 26 309 124 305        BARBARA  R 
 346 1 846 32818 129 1499286  4284  4284  4-99-99   5  0 966 -2 95   276 27 310 125 302        BARBARA  R 
 346 1 946 329 0 127 1495262 35270 36274 39281 47   4  0 968  3 85   278 27 312 128 301        BARBARA  R 
 346 11046 329 6 113 1488214 96222 68232 56252 48   4 -1 971  5 85   282 26 314 131 299        BARBARA  R 
 346 11146 32912 113 1473237128238100242 80255 59   5  1 976  8 80   286 26 314 133 299        BARBARA  R 
 346 11246 32918 118 1457279154256127255106263 71   6  2 979  8 75   288 25 314 135 300        BARBARA  R 
 346 11346 330 0 121 1442285157280153263130266 84   6  1 981  5 70   289 24 314 137 300        BARBARA  R 
 346 11446 330 6 124 1430283135285145281145268 93   7  1 980  1 75   289 23 313 139 300        BARBARA  R 
 346 11546 33012 128 1419287118285128286137270101   6  0 977 -4 80   286 23 313 141 301        BARBARA  R 
 346 11646 33018 132 1404288133287129285134272116   5 -2 973 -7 85   283 22 312  86 306        BARBARA  R 
 346 11746 331 0 136 1392287137288130287128275126   5 -1 970 -7 90   281 22 311  88 306        BARBARA  R 
 346 11846 331 6 140 1381290119288130289126285135   5  0 969 -4 90   280 23 310  90 307        BARBARA  R 
 346 11946 33112 143 1370288112288116288125287131   5  0 968 -2 90   279 24 310  92 307        BARBARA  R 
 346 12046 33118 146 1359286111287112288115286124   5  0 968 -1 90   279 25 311  94 308        BARBARA  R 
 346 12146 4 1 0 149 1348286111286111287111287119   5  0 968  0 90   280 27 312  96 308        BARBARA  R 
 346 12246 4 1 6 151 1336283114284113284112287119   6  1 969  1 90   280 29 314  98 308        BARBARA  R 
 346 12346 4 112 153 1324280118282115283114285119   6  1 970  2 85   281 30 314 100 307        BARBARA  R 
 346 12446 4 118 155 1312280118280118281116285115   6  0 972  3 85   282 31 313 102 306        BARBARA  R 
 346 12546 4 2 0 157 1299279122280121280120283115   6  0 973  3 80   282 31 312 104 306        BARBARA  R 
 346 12646 4 2 6 159 1288280117280117280117282115   5 -1 973  1 80   283 30 311 107 305        BARBARA  R 
 346 12746 4 212 160 1278278102279110279112281113   5 -1 974  1 75   284 28 311 109 304        BARBARA  R 
 346 12846 4 218 162 1268279 97280101279107280111   5  0 975  2 75   285 26 311 112 303        BARBARA  R 
 346 12946 4 3 0 163 1259279 93278 94279 97279109   6  1 977  3 75   286 25 311 114 302        BARBARA  R 
 346 13046 4 3 6 164 1250277 87279 91278 92279105   5  0 978  3 75   287 24 310 116 301        BARBARA  R 
 346 13146 4 312 165 1242277 82277 84278 87279100   5 -1 979  2 75   288 24 310 117 300        BARBARA  R 
 346 13246 4 318 166 1233277 82277 84277 85278 96   5  0 980  2 75   289 24 309 117 300        BARBARA  R 
 346 13346 4 4 0 168 1225280 83280 81279 82279 90   7  2 981  2 75   290 24 308 118 299        BARBARA  R 
 346 13446 4 4 6 174 1215295 95289 91287 87282 89   7  2 982  2 70   291 24 308 118 299        BARBARA  R 
 346 13546 4 412 181 1209310100303 91297 88288 87   6 -1 983  2 65   292 25 307 119 299        BARBARA  R 
 346 13646 4 418 191 1204328100319102312 93295 84   6 -1 984  2 65   292 25 307 119 299        BARBARA  R 
 346 13746 4 5 0 200 1201338102333 97325 98304 83   5 -1 985  2 65   293 25 306 120 299        BARBARA  R 
 346 13846 4 5 6 215 1210 13123  2113353103323 79   4 -2 986  2 60   294 25 306 120 298        BARBARA  R 
 346 13946 4 512 225 1218 32148 21121 11112339 80   4 -1 987  2 55   295 26 305 121 297        BARBARA  R 
 346 14046 4 518 234 1230 44133 38145 29123358 85   4  0 988  2 55   296 26 304 122 297        BARBARA  R 
 346 14146 4 6 0 240 1240 53126 48124 42135 11 92   3 -1 989  2 50   297 27 303 124 297        BARBARA  R 
 346 14246 4 6 6 240 1258 77132 68132 61127 31 97 -99-99 -99-99 40   -99-99 -99 -99 -99        BARBARA  R 
 346 14346 4 612 230 1277106177 95145 85137 52100 -99-99 -99-99 40   -99-99 -99 -99 -99        BARBARA  R 
 346 14446 4 618 235 1305 97217 95199 89172 65130 -99  0 -99-99 30   -99-99 -99 -99 -99        BARBARA  R 
 346 14546 4 7 0 238 1320 79201 92189 92183 71146 -99-99 -99-99 25   -99-99 -99 -99 -99        BARBARA  R 
 34750 247 319 6  61 1300-99-99-99-99-99-99-99-99   3-991002-99 35   307 20 317 114 299        ANNA     O 
 34750 347 31912  63 1292283 92-99-99-99-99-99-99   3  01001 -1 35   306 22 317 118 299        ANNA     O 
 34750 447 31918  66 1278283112282109-99-99-99-99   2 -11003  1 20   308 21 317 118 302        ANNA     O 
 34750 547 320 0  69 1260281162281135281127-99-99   2  01002  1 25   307 21 317 118 305        ANNA     O 
 34750 647 320 6  70 1244277 17278 16279 14-99-99   1 -11002 -1 25   307 19 317 120 305        ANNA     O 
 351 1 151 320 0  86 1680-99-99-99-99-99-99-99-99   1-99 991-99 60   302 24 312 153 298        GEORGIA  O 
 351 1 251 320 6  85 1688-99-99-99-99-99-99-99-99   2-99 989-99 70   300 25 313 154 298        GEORGIA  O 
 351 1 351 32012  85 1695 94 74-99-99-99-99-99-99   3  2 986 -5 80   298 26 314 154 298        GEORGIA  O 
 351 1 451 32018  85 1701 90 64 93 69-99-99-99-99   4  2 983 -6 85   295 26 314 157 303        GEORGIA  O 
 351 1 551 321 0  86 1708 86 65 87 66 90 69-99-99   5  2 980 -6 90   293 26 314 160 308        GEORGIA  O 
 351 1 651 321 6  88 1715 78  7 81  7 84  7-99-99   5  1 976 -7100   290 26 314 161 306        GEORGIA  O 
 351 1 751 32112  90 1718 68  5 73  6 78  6-99-99   5  0 967-13110   281 26 314 162 305        GEORGIA  O 
 351 1 851 32118  95 1720 35  4 53  5 62  5-99-99   6  1 958-18120   272 25 315 163 306        GEORGIA  O 
 351 1 951 322 0 100 1721 17 52 26 45 43 47 71 54   6  1 958 -9110   270 25 317 164 307        GEORGIA  O 
 351 11051 322 6 102 1720360 35  9 41 19 37 62 45   5 -1 962  4100   276 25 316 167 306        GEORGIA  O 
 351 11151 32212 106 1717327 36345 38357 40 46 38   4 -2 967  9100   286 25 316 171 306        GEORGIA  O 
 351 11251 32218 108 1714316 42319 35336 36 29 33   4 -1 972 10100   297 26 317 158 298        GEORGIA  O 
 351 11351 323 0 109 1711297 33308 38313 33  7 29   4  0 963 -4110   284 27 318 160 298        GEORGIA  O 
 351 11451 323 6 110 1700278 70284 57292 53326 33   4  0 965 -7100   285 26 316 160 297        GEORGIA  O 
 351 11551 32312 111 1690276104277 79281 67307 43   4  0 974 11 85   290 25 314 160 296        GEORGIA  O 
 351 11651 32318 110 1680270 98272101273 84291 53   4  0 983 18 70   293 24 315 161 294        GEORGIA  O 
 351 11751 324 0 116 1670284101282100280102288 66   4  0 992 18 50   296 23 316 162 293        GEORGIA  O 
 351 11851 324 6 101 1658247117252110258106269 76   4  0 995 12 45   300 23 316 163 296        GEORGIA  O 
 351 11951 32412 100 1642240159255129257121265 93   4  0 997  5 40   303 23 316 164 298        GEORGIA  O 
 351 12051 32418 102 1631272133250136261122266102   4  0 999  4 35   307 23 316 152 304        GEORGIA  O 
 351 12151 325 0 108 1621291111281124261122269111   3 -11000  3 35   310 23 316 154 304        GEORGIA  O 
 35450 154 3 1 0  59 1361-99-99-99-99-99-99-99-99   3-991002-99 20   308 24 317 112 299        TS5450   S 
 35450 254 3 1 6  65 1352-99-99-99-99-99-99-99-99   4-991001-99 25   307 24 317 113 301        TS5450   S 
 35450 354 3 112  69 1341297111-99-99-99-99-99-99   4  1 999 -3 30   305 23 316 114 304        TS5450   S 
 35450 454 3 118  70 1330283112290109-99-99-99-99   3 -1 997 -4 40   303 22 316 113 302        TS5450   S 
 35450 554 3 2 0  73 1320281106284109289108-99-99   3 -1 995 -4 45   301 20 315 112 300        TS5450   S 
 35450 654 3 2 6  81 1310299 11291 11291 11-99-99   4  1 993 -4 50   300 19 315 112 301        TS5450   S 
 35450 754 3 212  89 1304315 11306 11299 10-99-99   3  0 992 -3 50   299 19 316 114 302        TS5450   S 
 35450 854 3 218  94 1297315  9313 10306 10-99-99   4  0 992 -1 50   299 19 316 118 301        TS5450   S 
 35450 954 3 3 0  97 1287296 93305 93306101297103   3  0 993  1 45   300 18 317 122 299        TS5450   S 
 354501054 3 3 6  97 1278279 95287 90297 89294100   3 -1 994  2 40   301 18 316 123 298        TS5450   S 
 354501154 3 312  97 1268270 94276 96283 91291 97   3  0 995  2 40   302 18 315 125 297        TS5450   S 
 354501254 3 318  97 1257270104270 99274 99291 96   3  0 996  2 35   303 18 315  93 307        TS5450   S 
 354501354 3 4 0  96 1245268113268109269104287 97   2 -1 997  2 30   304 18 315  95 307        TS5450   S 
 354501454 3 4 6  94 1233263119265116266111280 97   3  0 998  2 25   305 18 314 100 307        TS5450   S 
 354501554 3 412  92 1221260120262120264117272103   2  01000  3 25   306 17 314 105 307        TS5450   S 
 355 2 155 32212  79 1668-99-99-99-99-99-99-99-99   3-991000-99 40   309 31 317 126 302        WILDA    R 
 355 2 255 32218  83 1659-99-99-99-99-99-99-99-99   4-991000-99 40   309 30 317 128 303        WILDA    R 
 355 2 355 323 0  89 1651301 98-99-99-99-99-99-99   3  01000  0 40   308 30 317 130 304        WILDA    R 
 355 2 455 323 6  98 1645317102310 99-99-99-99-99   3 -1 999 -1 30   308 31 317 131 303        WILDA    R 
 355 2 555 32312 112 1642339123330112322104-99-99   3  01000  0 20   309 32 317 132 302        WILDA    R 
 355 2 655 32318 123 1640349 13342 12335 11-99-99   3  01001  2 20   310 32 317 137 305        WILDA    R 
 355 2 755 324 0 135 1633339 12342 13339 12-99-99   4  11002  2 20   311 33 317 142 308        WILDA    R 
 355 2 855 324 6 145 1626328 13335 12338 13-99-99   4  11001  0 28   310 32 317 143 308        WILDA    R 
 355 2 955 32412 155 1618324124326128332122327113   3 -1 999 -3 35   309 31 317 144 308        WILDA    R 
 355 21055 32418 164 1611323119324120326124330117   3 -1 998 -3 55   308 30 317 144 309        WILDA    R 
 355 21155 325 0 174 1605327114325118325119332120   3  0 997 -2 58   306 30 316 145 310        WILDA    R 
 355 21255 325 6 183 1597325116324115324118331121   4  1 994 -4 60   305 29 316 146 310        WILDA    R 
 355 21355 32512 192 1589320118323117323116327119   4  1 991 -6 60   304 28 316 146 311        WILDA    R 
 355 21455 32518 204 1583328124325122326120326122   3 -1 988 -6 60   303 29 317 146 311        WILDA    R 
 355 21555 326 0 216 1583347123338118334117330117   3 -1 986 -5 68   302 30 317 146 312        WILDA    R 
 355 21655 326 6 227 1586  7116355117347113335113   3  0 987 -1 75   302 29 318 146 312        WILDA    R 
 355 21755 32612 234 1582357 90358100351106337107   3  0 987  1 75   302 28 319 146 312        WILDA    R 
 355 21855 32618 245 1579340 96353 97355103340108   3  0 986 -1 80   303 29 317 148 310        WILDA    R 
 355 21955 327 0 248 1587 18 74  3 70  7 81347 95   3  0 987  0 85   302 30 315 150 308        WILDA    R 
 355 22055 327 6 252 1603 72114 47 88 32 74  5 87   3  0 990  4 70   300 31 313 153 308        WILDA    R 
 355 22155 32712 256 1617 74142 72120 55 97 22 86   3  0 996  9 60   304 31 311 156 308        WILDA    R 
 355 22255 32718 259 1632 75135 75140 74125 39 89   3  01002 12 38   307 31 311 159 308        WILDA    R 
 355 22355 328 0 264 1645 72132 72132 73137 50 93   3  01008 12 25   310 31 311 162 308        WILDA    R 
 355 22455 328 6 270 1650 56 98 65109 67115 54 90 -99-99 -99-99 30   -99-99 -99 -99 -99        WILDA    R 
 355 22555 32812 272 1660 59 78 63 94 67104 62100 -99  0 -99-99 25   -99-99 -99 -99 -99        WILDA    R 
 355 22655 32818 275 1670 74 92 64 83 65 94 70109 -99-99 -99-99 25   -99-99 -99 -99 -99        WILDA    R 
 356 1 156 321 6  17 1539-99-99-99-99-99-99-99-99   2-991005-99 25   309 22 317 145 295        SARAH    S 
 356 1 256 32112  18 1534-99-99-99-99-99-99-99-99   2-991004-99 25   308 23 317 147 296        SARAH    S 
 356 1 356 32118  21 1531297 45-99-99-99-99-99-99   2  01003 -2 25   307 24 317 149 298        SARAH    S 
 356 1 456 322 0  22 1527300 40293 43-99-99-99-99   2  01002 -2 35   306 25 317 148 299        SARAH    S 
 356 1 556 322 6  23 1522283 46293 43290 45-99-99   2  01001 -2 35   305 25 317 149 299        SARAH    S 
 356 1 656 32212  23 1516275  6278  5285  5-99-99   2  01001 -1 35   304 24 317 151 301        SARAH    S 
 356 1 756 32218  24 1511275  6277  5278  5-99-99   2  01000 -1 35   303 24 317 112 296        SARAH    S 
 356 1 856 323 0  25 1505280  6277  6278  6-99-99   2  0 999 -2 35   301 25 317 112 296        SARAH    S 
 356 1 956 323 6  25 1499275 60277 57275 58281 51   2  0 997 -3 45   300 25 316 111 296        SARAH    S 
 356 11056 32312  26 1491274 70276 67277 63281 55   2  0 993 -6 45   299 26 317 109 296        SARAH    S 
 356 11156 32318  28 1483281 81278 74278 71278 61   3  1 989 -8 45   298 26 317 109 298        SARAH    S 
 356 11256 324 0  30 1477286 73283 75280 71279 63   3  1 985 -8 45   297 25 318 112 300        SARAH    S 
 356 11356 324 6  33 1468289 79287 80285 80281 69   3  0 979-10 75   292 25 318 115 301        SARAH    S 
 356 11456 32412  37 1458290101290 88289 87284 74   4  1 966-19 75   278 25 318 119 303        SARAH    S 
 356 11556 32418  42 1450297100294 98293 89287 79   4  1 947-32 75   264 25 318 120 303        SARAH    S 
 356 11656 325 0  49 1440304108300107297104290 86   4  0 941-25125   264 25 318 121 304        SARAH    S 
 356 11756 325 6  52 1436306 86304 89301 93293 85   4  0 953  6 90   295 25 318 124 303        SARAH    S 
 356 11856 32512  55 1430301 58303 79303 83296 84   4  0 968 27 60   298 26 317 127 301        SARAH    S 
 356 11956 32518  57 1425295 60298 57301 73297 81   4  0 984 31 90   302 26 317 129 301        SARAH    S 
 356 12056 326 0  60 1420297 56297 59299 57298 80   4  0 994 26 75   305 25 316 132 301        SARAH    S 
 356 12156 326 6  63 1413297 67295 62296 63299 78   4  0 990  6 75   303 25 316 134 302        SARAH    S 
 356 12256 32612  69 1409310 71307 66304 63303 73   4  0 993 -1 75   302 24 316 136 303        SARAH    S 
 356 12356 32618  73 1405322 64311 66309 64305 68   4  0 997  7 75   301 23 316 135 303        SARAH    S 
 356 12456 327 0  80 1402328 65327 67318 67309 61   4  0 996  3 75   299 22 316 134 303        SARAH    S 
 356 12556 327 6  88 1397332 85328 75328 74313 66   4  0 990 -7 90   298 21 316 137 303        SARAH    S 
 356 12656 32712  96 1388319106324 95322 85315 73   4  0 990 -6 90   299 20 316 139 303        SARAH    S 
 356 12756 32718 100 1380306103313 98318 92314 77   4  0 990  0 90   300 21 317 110 301        SARAH    S 
 356 12856 328 0 105 1371298 95304103309 99313 83   4  0 988 -2 90   300 22 317 113 301        SARAH    S 
 356 12956 328 6 109 1361296104296 99301103312 86   4  0 985 -5 90   300 23 317 116 301        SARAH    S 
 356 13056 32812 113 1352293102295101296 98308 89   4  0 981 -7 90   300 25 317 119 302        SARAH    S 
 356 13156 32818 117 1343294 97294100295100306 94   4  0 978 -7 90   299 25 317 123 302        SARAH    S 
 356 13256 329 0 120 1332290104291102291103300100   5  1 975 -6100   298 24 316 127 303        SARAH    S 
 356 13356 329 6 122 1323284101288 99289 99295100   4  0 979  1 85   300 24 316 128 303        SARAH    S 
 356 13456 32912 126 1312287102287105288103292100   4 -1 980  5 85   300 24 317 129 303        SARAH    S 
 356 13556 32918 130 1300290119288109287110291105   4  0 980  1 85   299 24 317 129 304        SARAH    S 
 356 13656 330 0 136 1288293127292123291114291109   4  0 981  1 85   298 24 317 128 306        SARAH    S 
 356 13756 330 6 141 1273293142292136291131290115   4  0 982  2 85   298 24 317 110 306        SARAH    S 
 356 13856 33012 146 1261291140293137292134290118   3 -1 983  2 85   299 23 317 112 306        SARAH    S 
 356 13956 33018 148 1252289108289123291125289117   3 -1 985  3 85   300 23 317 115 306        SARAH    S 
 356 14056 331 0 150 1248288 66290 86290103290109   3  0 986  3 80   301 24 317 118 305        SARAH    S 
 356 14156 331 6 152 1247310 31294 49294 69292100   3  0 987  2 80   302 24 317 121 304        SARAH    S 
 356 14256 33112 153 1247342 16316 23297 38293 86   3  0 989  3 80   303 23 316 124 303        SARAH    S 
 356 14356 33118 155 1248 18 16360 17331 20296 70   3  0 990  3 80   304 22 316 125 302        SARAH    S 
 356 14456 4 1 0 156 1249 33 18 26 15  9 15298 53   3  0 992  3 65   305 21 315 125 301        SARAH    S 
 356 14556 4 1 6 157 1250 44 14 36 16 30 14306 34   3  0 993  3 65   306 20 315 125 300        SARAH    S 
 356 14656 4 112 158 1256 74 35 69 28 60 25338 16   3  0 994  2 65   306 20 315 124 298        SARAH    S 
 356 14756 4 118 158 1263 85 63 82 45 78 37 47 18   3  0 996  3 65   307 20 314 125 299        SARAH    S 
 356 14856 4 2 0 156 1270 98 68 93 64 90 51 74 28   3  0 997  3 60   307 20 313 127 299        SARAH    S 
 356 14956 4 2 6 153 1278109 76103 73 98 68 88 37   3  01000  4 60   308 21 312 127 297        SARAH    S 
 356 15056 4 212 149 1287113 89111 83107 78 96 49   2 -11002  5 60   310 22 311 127 295        SARAH    S 
 356 15156 4 218 145 1295116 91115 88113 84102 58   2 -11004  4 60   311 21 311 127 295        SARAH    S 
 356 15256 4 3 0 138 1302127 91123 92120 90109 68   2  01006  4 25   311 20 311 128 295        SARAH    S 
 356 15356 4 3 6 135 1305136 70129 75125 79113 72   1 -11004  0 25   311 20 311 130 296        SARAH    S 
 356 15456 4 312 130 1309140 53138 68132 71119 73   1 -11004 -2 25   311 20 311 101 305        SARAH    S 
 356 15556 4 318 124 1311152 62148 55144 65126 72   2  11004  0 25   311 20 312 103 305        SARAH    S 
 356 15656 4 4 0 119 1313161 58154 59151 55132 70   2  11004  0 25   311 21 313 107 305        SARAH    S 
 356 15756 4 4 6 117 1302232 56208 49189 46147 54   1 -11004  0 25   312 21 313 107 305        SARAH    S 
 356 15856 4 412 113 1310206 33185 37177 43148 53   1 -11003 -1 25   313 21 314 108 306        SARAH    S 
 356 15956 4 418 111 1312122 58187 27176 33154 47   2  11002 -2 30   314 21 315 108 306        SARAH    S 
 356 16056 4 5 0 109 1313144 25127 45180 25160 39   2  11001 -2 35   313 21 316 108 307        SARAH    S 
 356 16156 4 5 6 111 1312360  0136  9122 29164 31   2  01002  0 35   313 21 316 109 308        SARAH    S 
 356 16256 4 512 112 1311327 18316  5136  4174 23   2  01004  3 35   313 20 317 110 309        SARAH    S 
 356 16356 4 518 112 1310297 11316 14297  5185 15   1 -11006  4 25   313 20 318 111 310        SARAH    S 
 35951 159 3 4 6  52 1642-99-99-99-99-99-99-99-99   4-99 988-99 55   300 19 318 145 303        SALLY    S 
 35951 259 3 412  59 1637-99-99-99-99-99-99-99-99   3-99 988-99 55   301 19 318 146 303        SALLY    S 
 35951 359 3 418  65 1628313 95-99-99-99-99-99-99   3 -1 988  0 55   303 19 318 147 302        SALLY    S 
 35951 459 3 5 0  69 1619299103307 95-99-99-99-99   3  0 990  2 55   305 19 318 148 302        SALLY    S 
 35951 559 3 5 6  68 1610280 91289 94297 89-99-99   3  0 994  6 55   306 20 317 151 301        SALLY    S 
 35951 659 3 512  63 1600252 10266  9276  9-99-99   4  1 996  6 50   306 20 316 154 300        SALLY    S 
 35951 759 3 518  63 1593254  9257  9267  9-99-99   3  0 996  2 45   307 20 316 155 300        SALLY    S 
 35951 859 3 6 0  62 1585266  7256  9258  9-99-99   3 -1 996  0 45   307 20 316 156 300        SALLY    S 
 35951 959 3 6 6  62 1580266 65267 66259 76279 78   3  0 998  2 45   308 20 316 156 300        SALLY    S 
 359511059 3 612  62 1576270 45267 56268 60273 76   2 -1 999  3 50   308 20 316 156 300        SALLY    S 
 359511159 3 618  62 1568270 60270 56268 62267 75   2 -1 999  1 50   307 20 316 156 302        SALLY    S 
 359511259 3 7 0  61 1560266 80267 66268 62262 74   2  0 999  0 50   308 20 316 156 304        SALLY    S 
 359511359 3 7 6  60 1546265110266100267 85263 80   2  01000  1 50   309 22 316 129 306        SALLY    S 
 359511459 3 712  59 1531266145265123266112267 86   2  01001  2 45   309 24 316 130 306        SALLY    S 
 359511559 3 718  59 1520268129267133266120267 91   2  01001  1 45   309 23 317 132 307        SALLY    S 
 359511659 3 8 0  58 1505268129267136267137267100   2  01002  1 45   310 23 318 134 308        SALLY    S 
 359511759 3 8 6  58 1492268139269129268134267110   2  01002  1 45   309 22 318 135 307        SALLY    S 
 359511859 3 812  59 1482273115270126270122268117   2  01003  1 40   309 21 318 136 306        SALLY    S 
 359511959 3 818  60 1467275125273126271132269126   2  01003  1 40   310 21 318 136 306        SALLY    S 
 359512059 3 9 0  61 1449274164274143273139270138   2  01002 -1 40   310 21 318 136 306        SALLY    S 
 359512159 3 9 6  65 1430278186277174277155273144   3  11002 -1 40   310 20 318 137 306        SALLY    S 
 359512259 3 912  70 1415285175281175279169276145   4  21002  0 40   310 20 318 138 306        SALLY    S 
 359512359 3 918  70 1402280141281159279163275147   5  21000 -2 45   310 21 317 124 295        SALLY    S 
 359512459 310 0  70 1391270119277130279146276142   5  1 999 -3 50   310 22 316 126 296        SALLY    S 
 359512559 310 6  70 1382270 99270109276120276137   5  0 997 -3 45   309 21 316 127 296        SALLY    S 
 359512659 31012  71 1370273104272106271112276140   4 -1 997 -2 45   308 20 316 128 296        SALLY    S 
 359512759 31018  73 1364280 91276 90275 95277129   3 -2 997  0 45   308 20 315 129 295        SALLY    S 
 359512859 311 0  77 1360301 58288 76283 79280112   2 -2 997  0 45   307 20 315 130 294        SALLY    S 
 359512959 311 6  81 1354309 64302 63292 75282 96   2 -1 996 -1 40   307 19 314 131 293        SALLY    S 
 359513059 31112  85 1350309 64311 61305 61283 83   1 -1 996 -1 40   307 18 314 132 293        SALLY    S 
 359513159 31118  89 1342304 72304 72306 68288 78   1 -1 996  0 40   308 18 314 133 293        SALLY    S 
 359513259 312 0  95 1333301 98304 83304 80294 78   1  0 997  1 50   309 18 314 133 293        SALLY    S 
 359513359 312 6  96 1330301 69299 75302 70297 72   1  01001  5 40   310 18 314 104 302        SALLY    S 
 359513459 31212  97 1326286 36297 59297 66301 63   1  01004  7 35   311 18 314 105 302        SALLY    S 
 359513559 31218  97 1310273 99275 76284 81294 73   2  01006  5 30   312 18 314 106 302        SALLY    S 
 359513659 313 0  90 1290259181261133263107281 88   2  11007  3 25   313 18 314 107 302        SALLY    S 
 361 1 161 324 0  86 1443-99-99-99-99-99-99-99-99   5-991005-99 35   311 16 316 126 302        TESS     R 
 361 1 261 324 6  89 1436-99-99-99-99-99-99-99-99   5-991003-99 38   309 16 316 127 300        TESS     R 
 361 1 361 32412  91 1426287 88-99-99-99-99-99-99   5  01000 -5 45   306 17 316 128 299        TESS     R 
 361 1 461 32418  91 1413275114280100-99-99-99-99   5  0 996 -7 55   303 17 316 129 298        TESS     R 
 361 1 561 325 0  90 1401268124272115276104-99-99   6  1 992 -8 65   301 16 316 130 296        TESS     R 
 361 1 661 325 6  90 1391267 11268 12271 11-99-99   6  1 985-11 72   300 16 316 130 294        TESS     R 
 361 1 761 32512  90 1381270 10268 11269 11-99-99   6  0 983 -9 75   296 17 316 130 292        TESS     R 
 361 1 861 32518  92 1372276  9274 10271 10-99-99   6  0 982 -3 75   292 17 316 130 290        TESS     R 
 361 1 961 326 0  97 1365294 86285 89281 90278 97   6  0 980 -3 78   288 18 316 130 288        TESS     R 
 361 11061 326 6 104 1359313 88303 86294 86281 97   6  0 975 -7 82   289 18 316 130 289        TESS     R 
 361 11161 32612 110 1357329 76321 78310 77286 88   6  0 971 -9 90   283 18 316 130 290        TESS     R 
 361 11261 32618 115 1355340 58331 68324 71293 77   6  0 968 -7100   277 18 316 130 290        TESS     R 
 361 11361 327 0 120 1354344 52343 56335 64303 69   6  0 959-12110   270 18 316 130 290        TESS     R 
 361 11461 327 6 125 1354354 50349 51347 54314 63   5 -1 943-25120   261 18 316 130 290        TESS     R 
 361 11561 32712 129 1353354 45352 47348 49325 60   4 -2 942-17120   261 18 316 130 290        TESS     R 
 361 11661 32718 133 1354360 40360 43357 45337 56   5  0 946  3120   264 19 316 132 291        TESS     R 
 361 11761 328 0 137 1355 14 41  5 40  3 43346 51   5  1 949  7125   263 20 316 134 293        TESS     R 
 361 11861 328 6 141 1355  7 40  9 41  4 40354 46   5  0 947  1128   260 20 316 134 296        TESS     R 
 361 11961 32812 145 1354353 40360 40  4 40355 44   5  0 943 -6132   258 20 316 134 299        TESS     R 
 361 12061 32818 148 1352338 38345 38353 38355 41   5  0 939 -8132   257 20 316 116 305        TESS     R 
 361 12161 329 0 152 1350331 40336 40342 39353 40   5  0 942 -1132   260 20 316 118 305        TESS     R 
 361 12261 329 6 157 1347332 51331 46334 44348 41   5  0 950 11130   267 22 316 122 305        TESS     R 
 361 12361 32912 163 1345336 60336 55334 50347 44   5  0 952 10125   270 24 316 126 305        TESS     R 
 361 12461 32918 170 1345352 66345 62343 58347 48   6  1 952  2120   273 24 316 127 305        TESS     R 
 361 12561 330 0 177 1346  4 70357 67351 63348 51   6  1 962 10115   277 25 316 128 305        TESS     R 
 361 12661 330 6 185 1344356 75358 73354 70347 57   5 -1 984 32 90   296 25 316 129 305        TESS     R 
 361 12761 33012 195 1341345 93351 84353 81346 64   4 -2 994 32 55   307 25 316 130 305        TESS     R 
 361 12861 33018 208 1346  5115360103  1 95355 75   4 -11003 19 38   312 26 316 130 305        TESS     R 
 361 12961 331 0 221 1364 40169 28135 21118 11 88   4  01009 15 32   316 27 316 130 305        TESS     R 
 361 13061 331 6 230 1388 61224 51187 42152 28103   3 -11010  7 30   317 28 316 130 305        TESS     R 
 36553 265 3 612 107 1273-99-99-99-99-99-99-99-99   2-991003-99 35   308 19 314 119 304        VERA     O 
 36553 365 3 618 108 1267283 66-99-99-99-99-99-99   2  01003 -2 40   308 20 313 122 303        VERA     O 
 36553 465 3 7 0 110 1260283 66284 68-99-99-99-99   2  01004  1 35   309 21 313 125 302        VERA     O 
 36553 565 3 7 6 112 1255289 62286 61286 64-99-99   1 -11006  3 25   310 20 313 125 302        VERA     O 
 367 1 167 3 1 6  70 1355-99-99-99-99-99-99-99-99   1-99 999-99 30   305 20 318 104 303        SALLY    S 
 367 1 267 3 112  73 1347-99-99-99-99-99-99-99-99   1-99 990-99 35   297 20 318 105 303        SALLY    S 
 367 1 367 3 118  77 1336290100-99-99-99-99-99-99   2  1 982-17 70   291 20 318 107 303        SALLY    S 
 367 1 467 3 2 0  86 1321297144295124-99-99-99-99   2  1 980-10 85   289 20 317 109 302        SALLY    S 
 367 1 567 3 2 6  94 1307301167298149297133-99-99   3  1 983  1 75   292 23 317 110 302        SALLY    S 
 367 1 667 3 212  96 1292289 15294 16293 15-99-99   3  1 990 10 65   295 26 316 110 303        SALLY    S 
 367 1 767 3 218  98 1278278 14286 15290 15-99-99   3  0 989  6 65   297 25 316 112 303        SALLY    S 
 367 1 867 3 3 0  95 1264268 14271 14279 14-99-99   3  0 987 -3 65   300 24 316 114 302        SALLY    S 
 367 1 967 3 3 6 101 1251276134277136277139287134   2 -1 987 -2 60   302 23 316 115 302        SALLY    S 
 367 11067 3 312 103 1238287134277132278134286140   2 -1 988  1 50   304 22 315 117 302        SALLY    S 
 367 11167 3 318 103 1224274133282134275133283142   2  0 990  3 40   306 22 315 117 301        SALLY    S 
 367 11267 3 4 0 102 1208268148271141277139278141   2  0 995  7 30   308 21 315 118 300        SALLY    S 
 36751 167 316 6  88 1462-99-99-99-99-99-99-99-99   5-991004-99 30   309 22 318 108 303        THERESE  R 
 36751 267 31612  93 1455-99-99-99-99-99-99-99-99   4-991003-99 35   309 22 318 110 303        THERESE  R 
 36751 367 31618  97 1441294113-99-99-99-99-99-99   4 -11003 -1 35   309 22 318 113 302        THERESE  R 
 36751 467 317 0  99 1428283136288118-99-99-99-99   4  01002 -1 40   308 23 317 115 301        THERESE  R 
 36751 567 317 6 100 1419278109281121286110-99-99   5  11002 -1 40   308 23 317 120 297        THERESE  R 
 36751 667 31712 102 1410280  9279 10281 11-99-99   4  01001 -1 40   307 22 316 125 294        THERESE  R 
 36751 767 31718 104 1403284  8281  8281 10-99-99   6  11001 -1 40   307 22 316 129 293        THERESE  R 
 36751 867 318 0 107 1399295  6290  7286  7-99-99   6  21000 -1 40   306 22 315 132 291        THERESE  R 
 36751 967 318 6 110 1397316 42302 50295 60289 85   6  0 997 -4 50   305 22 314 136 290        THERESE  R 
 367511067 31812 114 1395331 40322 42309 48290 78   5 -1 994 -6 55   303 21 314 104 303        THERESE  R 
 367511167 31818 120 1394344 52339 46331 46297 64   5 -1 992 -5 55   301 21 313 104 303        THERESE  R 
 367511267 319 0 128 1393352 71348 61344 55310 56   5  0 990 -4 60   299 20 312 105 303        THERESE  R 
 367511367 319 6 134 1394360 70357 67353 60324 52   4 -1 989 -3 60   298 20 311 107 302        THERESE  R 
 367511467 31912 139 1396 15 57  6 64  2 63340 49   6  1 990  0 55   300 20 310 110 300        THERESE  R 
 367511567 31918 145 1402 35 67 27 64 17 65359 51   5  1 992  3 50   301 20 309 110 300        THERESE  R 
 367511667 320 0 147 1410 60 79 50 68 41 63 15 52   5 -1 993  3 50   302 20 308 111 300        THERESE  R 
 367511767 320 6 148 1418 79 79 67 77 59 68 28 54   6  1 995  3 50   302 20 308 114 299        THERESE  R 
 367511867 32012 147 1427 90 82 85 81 75 78 43 57   6  1 996  3 55   303 20 308 117 298        THERESE  R 
 367511967 32018 148 1437 90 92 88 87 85 85 56 63   7  1 997  2 50   304 20 309 121 298        THERESE  R 
 367512067 321 0 152 1453 79128 83114 83105 68 79   6  0 998  2 50   305 21 309 125 297        THERESE  R 
 367512167 321 6 160 1466 67152 71133 76120 70 93   5 -2 999  2 45   305 22 310 128 295        THERESE  R 
 367512267 32112 160 1478 72127 73138 75127 75102   6  01000  2 40   306 23 312 132 293        THERESE  R 
 367512367 32118 164 1487 79103 70116 72127 77105   5  01001  2 40   306 24 313 135 292        THERESE  R 
 367512467 322 0 169 1493 58 85 71 91 66105 75104   4 -21001  1 45   306 25 313 137 292        THERESE  R 
 367512567 322 6 177 1497 36 81 47 83 60 85 69101   5  01000 -1 45   306 25 313 136 291        THERESE  R 
 367512667 32212 184 1499 21 80 30 77 40 78 62 98   6  21000 -1 45   306 26 313 136 290        THERESE  R 
 367512767 32218 192 1501 14 77 18 81 26 78 54 94   6  11000  0 45   306 26 312 136 287        THERESE  R 
 367512867 323 0 198 1502 11 71 13 72 16 76 45 82   5 -11001  1 40   307 26 311 136 284        THERESE  R 
 367512967 323 6 202 1503 11 51 12 61 13 64 40 68   6  01002  2 40   307 25 310 138 283        THERESE  R 
 367513067 32312 206 1506 25 44 19 49 17 57 30 66   4 -11003  2 40   308 25 309 142 282        THERESE  R 
 367513167 32318 210 1510 39 52 32 47 25 50 25 64   3 -31003  1 35   309 25 310 146 283        THERESE  R 
 367513267 324 0 215 1515 43 62 41 57 36 52 24 63   2 -21004  1 40   309 25 311 148 284        THERESE  R 
 367513367 324 6 221 1519 37 69 39 64 38 60 25 61   3  01004  1 35   310 24 311 148 288        THERESE  R 
 367513467 32412 227 1523 32 70 35 69 37 66 28 61   2  01005  1 30   311 24 311 148 292        THERESE  R 
 36950 169 3 7 6  53 1689-99-99-99-99-99-99-99-99   3-991005-99 30   311 23 319 142 303        RITA     S 
 36950 269 3 712  56 1682-99-99-99-99-99-99-99-99   3-991004-99 35   310 25 318 146 303        RITA     S 
 36950 369 3 718  59 1674292 80-99-99-99-99-99-99   5  2 997 -8 35   308 24 319 151 304        RITA     S 
 36950 469 3 8 0  62 1664289 94290 88-99-99-99-99   3  0 993-11 35   306 22 320 157 305        RITA     S 
 36950 569 3 8 6  65 1654287104288 98289 92-99-99   6  1 994 -3 40   305 21 320 159 305        RITA     S 
 36950 669 3 812  68 1645288 10287 10288 10-99-99   4  1 995  2 40   306 20 320 161 305        RITA     S 
 36950 769 3 818  71 1635288 10287 10287 10-99-99   4 -2 996  2 35   307 21 320 128 303        RITA     S 
 36950 869 3 9 0  73 1625284 10285 10286 10-99-99   4  0 999  4 35   309 22 320 132 303        RITA     S 
 36950 969 3 9 6  75 1615281101283102285100287 96   3 -11003  7 30   312 22 320 137 301        RITA     S 
 369501069 3 912  77 1603280111281108282107285102   2 -21006  7 30   313 21 320 142 298        RITA     S 
 369501169 3 918  77 1591275119277113278110282105   3  01009  6 30   315 21 320 147 297        RITA     S 
 369501269 310 0  77 1579270119273119275114280107   3  11011  5 30   316 21 320 152 296        RITA     S 
 37151 271 31812  99 1288-99-99-99-99-99-99-99-99   4-99 996-99 30   301 22 312 124 298        THELMA   O 
 37151 371 31818  92 1297169 51-99-99-99-99-99-99   4  0 997  4 25   302 22 311 126 298        THELMA   O 
 37151 471 319 0  92 1298125 60164 35-99-99-99-99   4  0 999  3 25   304 22 310 105 302        THELMA   O 
 37151 571 319 6 116 1306 20128 46 82 38 44-99-99   5  01001  4 25   306 21 310 107 302        THELMA   O 
 37151 671 31912 131 1316 24 21 26 14 41 11-99-99   6  21003  4 25   308 20 310 109 301        THELMA   O 
 372 2 172 330 0  45 1544-99-99-99-99-99-99-99-99 -99-991005-99 25   -99 19 315 -99 -99        TD02     O 
 372 2 272 330 6  45 1554-99-99-99-99-99-99-99-99 -99-991005-99 25   -99 19 315 128 299        TD02     O 
 372 2 372 33012  44 1563 93 95-99-99-99-99-99-99 -99-991006  1 25   -99 19 315 130 298        TD02     O 
 372 2 472 33018  45 1574 90100 90100-99-99-99-99 -99-991006  1 25   -99-99 -99 131 296        TD02     O 
 372 2 572 331 0  46 1584 85105 88100 89100-99-99 -99-991006  0 25   -99-99 -99 132 293        TD02     O 
 372 2 672 331 6  48 1591 80  9 82  9 85  9-99-99 -99-991006  0 30   -99 30 316 134 290        TD02     O 
 372 2 772 33112  42 1599105  8 97  8 93  9-99-99 -99-991006  0 30   -99 30 316 136 287        TD02     O 
 372 2 872 33118  37 1596156  6127  5110  6-99-99 -99-991006  0 25   -99 29 316 138 287        TD02     O 
 372 2 972 4 1 0  34 1591225 57180 47150 35103 60 -99-991006  0 25   -99 27 315 140 288        TD02     O 
 372 21072 4 1 6  31 1583245 72235 65205 47116 40 -99-991005 -1 25   -99 25 314 142 288        TD02     O 
 372 21172 4 112  30 1577254 73250 67241 63135 25 -99-991004 -2 25   -99 24 314 145 289        TD02     O 
 372 21272 4 118  35 1573292 54273 60265 58186 13 -99-991004 -1 25   -99 24 314 146 291        TD02     O 
 372 21372 4 2 0  40 1570325 61305 53286 55247 19 -99-991005  1 25   -99 25 314 147 294        TD02     O 
 372 21472 4 2 6  46 1570345 57336 58319 50265 26 -99-991006  2 25   -99 26 314 148 297        TD02     O 
 372 21572 4 212  52 1571  5 60353 57345 57290 37 -99-991007  2 25   -99 27 314 150 300        TD02     O 
 372 21672 4 218  57 1574 20 59 13 58  3 55312 37 -99-991006  0 25   -99 26 314 152 302        TD02     O 
 372 21772 4 3 0  62 1578 35 61 27 60 20 59335 39 -99-991004 -3 25   -99 25 314 155 304        TD02     O 
 372 21872 4 3 6  66 1584 48 67 43 64 35 61  2 44 -99-991003 -3 25   -99 24 313 158 306        TD02     O 
 372 21972 4 312  70 1590 56 72 51 68 46 65 18 53   5-991002 -2 20   -99 22 313 162 308        TD02     O 
 372 22072 4 318  71 1597 69 69 65 70 59 67 34 54 -99  01004  1 20   -99-99 -99 -99 -99        TD02     O 
 372 22172 4 4 0  72 1605 82 75 74 72 70 72 47 59 -99-991007  5 20   -99-99 -99 -99 -99        TD02     O 
 374 2 174 313 0  81 1450-99-99-99-99-99-99-99-99   4-991006-99 25   -99-99 -99 -99 -99        AMY      R 
 374 2 274 313 6  81 1446-99-99-99-99-99-99-99-99   4-991005-99 25   -99-99 -99 -99 -99        AMY      R 
 374 2 374 31312  81 1442270 40-99-99-99-99-99-99   5  11004 -2 25   -99 17 314 -99 -99        AMY      R 
 374 2 474 31318  82 1437276 45274 43-99-99-99-99   5  11004 -1 25   -99 17 314 -99 -99        AMY      R 
 374 2 574 314 0  82 1433276 45274 43273 42-99-99   5  01004  0 25   -99 17 314 -99 -99        AMY      R 
 374 2 674 314 6  83 1430278  4280  4277  4-99-99   5  01004  0 25   -99 18 313 -99 -99        AMY      R 
 374 2 774 31412  84 1426286  4280  4281  4-99-99   5  01001 -3 25   -99 18 313 -99 -99        AMY      R 
 374 2 874 31418  85 1423286  4287  3282  4-99-99   6  11000 -4 25   -99 18 313 -99 -99        AMY      R 
 374 2 974 315 0  87 1417289 47287 45288 41280 41   7  21000 -1 25   -99 19 313 -99 -99        AMY      R 
 374 21074 315 6  91 1409293 75293 61291 56285 47   7  11000  0 25   -99 19 313 -99 -99        AMY      R 
 374 21174 31512  92 1399286 92286 82287 70285 55   7  01000  0 25   -99 20 313 125 298        AMY      R 
 374 21274 31518  93 1388276104282 98283 89283 62   6 -11000  0 25   -99 20 312 128 297        AMY      R 
 374 21374 316 0  98 1374284127282117285110285 76   6 -11000  0 25   -99 19 312 131 296        AMY      R 
 374 21474 316 6 107 1367304125296116291111291 83   7  1 998 -2 25   -99 19 311 134 295        AMY      R 
 374 21574 31612 115 1363328101312110303106297 87   8  2 996 -4 25   305 19 311 137 294        AMY      R 
 374 21674 31618 124 1363347 87338 94322 99304 88   8  1 994 -4 25   304 19 311 -99 -99        AMY      R 
 374 21774 317 0 134 1366  9 96358 90348 92313 86   8  0 992 -4 30   302 20 311 -99 -99        AMY      R 
 374 21874 317 6 144 1373 26111 19102  9 94326 80   8  0 990 -4 35   301 20 310 -99 -99        AMY      R 
 374 21974 31712 153 1382 39123 33115 26106345 79   8  0 994  2 35   303 21 310 128 296        AMY      R 
 374 22074 31718 163 1392 44132 41128 36120  3 88   7 -1 996  6 40   304 21 310 130 295        AMY      R 
 374 22174 318 0 172 1404 48142 47136 44132 22 99   7 -1 996  2 40   303 21 310 133 294        AMY      R 
 374 22274 318 6 183 1419 52163 50155 49147 34114   6 -1 994 -2 40   301 22 309 135 293        AMY      R 
 374 22374 31812 192 1436 57182 55170 53162 42130   6 -1 989 -7 45   299 22 309 138 293        AMY      R 
 374 22474 31818 204 1458 60212 58201 57187 49152   7  1 988 -6 45   299-99 -99 140 291        AMY      R 
 374 22574 319 0 218 1482 59252 59229 58217 53173   7  1 991  2 40   301-99 -99 142 290        AMY      R 
 374 22674 319 6 234 1506 56269 57259 58240 54193   6 -1 992  4 40   -99-99 -99 144 288        AMY      R 
 374 22774 31912 250 1532 55280 56274 57265 55214   5 -2 992  1 35   -99-99 -99 145 286        AMY      R 
 374 22874 31918 260 1555 60258 58263 58263 57225   5 -1 992  0 40   -99-99 -99 148 286        AMY      R 
 374 22974 320 0 268 1598 73310 68300 65292 62255   5  0 992  0 40   -99-99 -99 152 285        AMY      R 
 374 23074 320 6 276 1632 77353 74311 70303 65271   4 -1 992  0 40   -99-99 -99 156 284        AMY      R 
 374 23174 32012 290 1675 72358 74369 73334 66299   4 -1 992  0 45   -99-99 -99 160 284        AMY      R 
 374 23274 32018 306 1720 69413 70378 72381 67321   3  0 990 -2 50   -99-99 -99 -99 -99        AMY      R 
 374 23374 321 0 320 1770 70436 70425 71396 68345   3 -1 988 -4 55   -99-99 -99 -99 -99        AMY      R 
 377 1 177 32312  41 1642-99-99-99-99-99-99-99-99 -99-991000-99 30   309-99 -99 -99 -99        PATSEY   O 
 377 1 277 32318  47 1649-99-99-99-99-99-99-99-99 -99-991001-99 30   309-99 -99 -99 -99        PATSEY   O 
 377 1 377 324 0  35 1652121 58-99-99-99-99-99-99 -99-991002  3 25   311-99 -99 -99 -99        PATSEY   O 
 377 1 477 324 6  33 1652168 72129 43-99-99-99-99 -99-991004  4 20   313-99 -99 -99 -99        PATSEY   O 
 377 1 577 32412  31 1652180 20169 54135 35-99-99 -99-991006  4 15   314-99 -99 -99 -99        PATSEY   O 
 377 1 677 32418  30 1652180 15180 17170 43-99-99 -99-991007  2 15   315-99 -99 -99 -99        PATSEY   O 
 377 1 777 325 0  29 1651206 11194 14189 15-99-99 -99-991006  0 15   314-99 -99 -99 -99        PATSEY   O 
 377 1 877 325 6  28 1649236 18224 14210 15-99-99 -99-991006 -1 15   314-99 -99 -99 -99        PATSEY   O 
 377 1 977 32512  28 1645261 30254 24247 19167 17 -99-991005 -2 20   313-99 -99 -99 -99        PATSEY   O 
 377 11077 32518  28 1641270 40264 33260 28203 26 -99-991004 -2 20   312-99 -99 -99 -99        PATSEY   O 
 377 11177 326 0  28 1636270 45270 43266 38246 22 -99-991003 -2 25   312-99 -99 -99 -99        PATSEY   O 
 377 11277 326 6  29 1630275 55274 50273 48260 28 -99-991002 -2 25   311-99 -99 -99 -99        PATSEY   O 
 377 11377 32612  30 1624280 61277 57275 53268 35 -99-991001 -2 30   309-99 -99 -99 -99        PATSEY   O 
 377 11477 32618  32 1618284 62283 61280 58273 43 -99-99 999 -3 30   308-99 -99 -99 -99        PATSEY   O 
 377 11577 327 0  34 1612289 63286 62284 62277 49 -99-99 997 -4 35   306-99 -99 -99 -99        PATSEY   O 
 377 11677 327 6  38 1606297 67294 66291 64283 55 -99-99 994 -5 40   304-99 -99 -99 -99        PATSEY   O 
 377 11777 32712  44 1600310 78304 72300 69290 60 -99-99 991 -6 45   301-99 -99 -99 -99        PATSEY   O 
 377 11877 32718  52 1594320 92315 85310 78297 66 -99-99 987 -7 50   298-99 -99 -99 -99        PATSEY   O 
 377 11977 328 0  59 1588322 96320 92316 87303 71 -99-99 987 -3 50   298-99 -99 -99 -99        PATSEY   O 
 377 12077 328 6  63 1582313 81317 87316 86305 73 -99-99 991  3 45   301-99 -99 -99 -99        PATSEY   O 
 377 12177 32812  67 1575302 76308 80313 85307 77 -99-99 994  7 40   304-99 -99 -99 -99        PATSEY   O 
 377 12277 32818  70 1569299 73300 73306 77308 77 -99-99 997  6 35   306-99 -99 -99 -99        PATSEY   O 
 377 12377 329 0  73 1563297 67298 71299 71309 78 -99-991000  6 30   309-99 -99 -99 -99        PATSEY   O 
 377 12477 329 6  78 1557304 72302 70301 73309 79 -99-991002  5 25   311-99 -99 -99 -99        PATSEY   O 
 377 12577 32912  82 1551307 75304 72302 70308 77 -99-991004  5 20   313-99 -99 -99 -99        PATSEY   O 
 377 12677 32918  83 1547297 55302 63301 63304 70 -99-991005  3 20   313-99 -99 -99 -99        PATSEY   O 
 377 12777 330 0  85 1543291 42297 52301 58300 65 -99-991004  0 20   313-99 -99 -99 -99        PATSEY   O 
 377 12877 330 6  86 1537287 52286 48292 53297 63 -99-991006  1 15   314-99 -99 -99 -99        PATSEY   O 
 377 12977 33012  88 1531284 61288 55287 52296 60 -99-991006  2 15   314-99 -99 -99 -99        PATSEY   O 
 377 13077 33018  89 1525284 61283 61285 56294 59 -99  01007  1 15   315-99 -99 -99 -99        PATSEY   O 
 377 13177 331 0  90 1519280 60283 61282 61291 58 -99-991006  0 15   314-99 -99 -99 -99        PATSEY   O 
 379 2 179 318 0  71 1500-99-99-99-99-99-99-99-99 -99-991006-99 15   314-99 -99 -99 -99        BESS     R 
 379 2 279 318 6  78 1491-99-99-99-99-99-99-99-99 -99-991006-99 15   314-99 -99 -99 -99        BESS     R 
 379 2 379 31812  86 1479306128-99-99-99-99-99-99 -99-991006  0 15   314-99 -99 -99 -99        BESS     R 
 379 2 479 31818  93 1467302140304131-99-99-99-99 -99-991006  0 15   314-99 -99 -99 -99        BESS     R 
 379 2 579 319 0  98 1455297133299136301130-99-99 -99-991004 -2 20   313-99 -99 -99 -99        BESS     R 
 379 2 679 319 6 102 1446293113296121298126-99-99 -99-991004 -2 20   313-99 -99 -99 -99        BESS     R 
 379 2 779 31912 104 1437288 94290105293113-99-99 -99-991004  0 20   313-99 -99 -99 -99        BESS     R 
 379 2 879 31918 106 1427282 96286 96288104-99-99 -99-991002 -2 25   311-99 -99 -99 -99        BESS     R 
 379 2 979 320 0 105 1417273 99276 96281 95293111 -99-991000 -5 30   309-99 -99 -99 -99        BESS     R 
 379 21079 320 6 106 1407270 98274 99276 96289109 -99-991000 -3 30   309-99 -99 -99 -99        BESS     R 
 379 21179 32012 107 1399276 89272 92275 94285102 -99-991000  0 30   309-99 -99 -99 -99        BESS     R 
 379 21279 32018 110 1392285 76282 84277 87283 95 -99-991000  0 30   309-99 -99 -99 -99        BESS     R 
 379 21379 321 0 117 1386308 81298 78292 82286 88 -99-991000  0 30   309-99 -99 -99 -99        BESS     R 
 379 21479 321 6 123 1380318 88311 82303 79288 85 -99-99 994 -6 40   304-99 -99 -99 -99        BESS     R 
 379 21579 32112 128 1369304100309 96306 90290 89 -99-99 991 -9 45   301-99 -99 -99 -99        BESS     R 
 379 21679 32118 133 1361298105303 97307 95293 87 -99-99 987 -7 50   298-99 -99 -99 -99        BESS     R 
 379 21779 322 0 137 1356305 78301 91304 89298 85 -99-99 984 -7 55   295-99 -99 -99 -99        BESS     R 
 379 21879 322 6 141 1353316 56310 68304 80304 79 -99-99 980 -7 60   291-99 -99 -99 -99        BESS     R 
 379 21979 32212 147 1350330 58323 59316 66310 78 -99-99 971-12 70   284-99 -99 -99 -99        BESS     R 
 379 22079 32218 153 1348338 65334 59328 59315 76 -99-99 967-13 75   280-99 -99 -99 -99        BESS     R 
 379 22179 323 0 161 1347348 72344 69340 64319 73 -99-99 967 -4 75   280-99 -99 -99 -99        BESS     R 
 379 22279 323 6 170 1352 13 87  5 77358 73330 68 -99-99 963 -5 80   276-99 -99 -99 -99        BESS     R 
 379 22379 32312 178 1360 36105 25 92 17 81350 63 -99-99 958 -9 85   272-99 -99 -99 -99        BESS     R 
 379 22479 32318 187 1369 44117 39111 31 99  8 68 -99-99 953-10 90   268-99 -99 -99 -99        BESS     R 
 379 22579 324 0 195 1379 47124 46119 42114 21 78 -99-99 953 -5 90   268-99 -99 -99 -99        BESS     R 
 379 22679 324 6 203 1392 54135 50131 49126 31 90 -99-99 953  0 90   268-99 -99 -99 -99        BESS     R 
 379 22779 32412 212 1406 56153 54143 52138 39105 -99-99 980 27 60   291-99 -99 -99 -99        BESS     R 
 379 22879 32418 220 1423 60168 59160 57151 47122 -99  0 997 44 35   306-99 -99 -99 -99        BESS     R 
 379 22979 325 0 229 1443 64191 61180 60172 53141 -99-991002 23 25   311-99 -99 -99 -99        BESS     R 
 380 1 180 318 0  64 1409-99-99-99-99-99-99-99-99 -99-991006-99 15   314-99 -99 -99 -99        TD01     S 
 380 1 280 318 6  68 1405-99-99-99-99-99-99-99-99 -99-991004-99 20   313-99 -99 -99 -99        TD01     S 
 380 1 380 31812  76 1397315 85-99-99-99-99-99-99 -99-991004 -2 20   313-99 -99 -99 -99        TD01     S 
 380 1 480 31818  82 1390313102314 87-99-99-99-99 -99-991004  0 20   313-99 -99 -99 -99        TD01     S 
 380 1 580 319 0  87 1383308 89311 96312 86-99-99 -99-991004  0 20   313-99 -99 -99 -99        TD01     S 
 380 1 680 319 6  88 1379298 62304 72307 82-99-99 -99-991004  0 20   313-99 -99 -99 -99        TD01     S 
 380 1 780 31912  90 1373286 52295 62300 69-99-99 -99-991004  0 20   313-99 -99 -99 -99        TD01     S 
 380 1 880 31918  90 1367279 60280 54289 60-99-99 -99-991004  0 20   313-99 -99 -99 -99        TD01     S 
 380 1 980 320 0  90 1362270 54277 56278 52299 67 -99-991002 -2 25   311-99 -99 -99 -99        TD01     S 
 380 11080 320 6  90 1356270 54270 56275 57294 67 -99-991002 -2 25   311-99 -99 -99 -99        TD01     S 
 380 11180 32012  90 1350270 59270 56270 57287 61 -99-991002  0 25   311-99 -99 -99 -99        TD01     S 
 380 11280 32018  91 1346276 50274 53273 52282 56 -99-991002  0 25   311-99 -99 -99 -99        TD01     S 
 380 11380 321 0  92 1342284 41278 47276 50277 51 -99-991002  0 25   311-99 -99 -99 -99        TD01     S 
 380 11480 321 6  93 1337283 46283 44279 48277 52 -99-991002  0 25   311-99 -99 -99 -99        TD01     S 
 380 11580 32112  92 1323270 94273 76274 67272 62 -99-991002  0 25   311-99 -99 -99 -99        TD01     S 
 380 11680 32118 101 1308286148285116285 97281 74 -99-991002  0 25   311-99 -99 -99 -99        TD01     S 
 380 11780 322 0 104 1297295141286136285115282 82 -99-991002  0 25   311-99 -99 -99 -99        TD01     S 
 380 11880 322 6 105 1292284 81293111285115283 81 -99-991002  0 25   311-99 -99 -99 -99        TD01     S 
 380 11980 32212 108 1287292 53289 73294 97286 81 -99-991002  0 25   311-99 -99 -99 -99        TD01     S 
 380 12080 32218 108 1282287 51285 51285 66285 82 -99-991002  0 25   311-99 -99 -99 -99        TD01     S 
 380 12180 323 0 110 1277282 50289 52287 51286 83 -99-991000 -3 30   309-99 -99 -99 -99        TD01     S 
 380 12280 323 6 115 1270301 69293 60295 60289 87 -99-991000 -3 30   309-99 -99 -99 -99        TD01     S 
 380 12380 32312 120 1260301 97299 82294 73294 85 -99-991000  0 30   309-99 -99 -99 -99        TD01     S 
 380 12480 32318 125 1249296114299104298 91293 78 -99-991000  0 30   309-99 -99 -99 -99        TD01     S 
 380 12580 324 0 131 1237296125296120298111295 81 -99-991000  0 30   309-99 -99 -99 -99        TD01     S 
 380 12680 324 6 138 1222296147296137296130296 95 -99-991004  5 20   313-99 -99 -99 -99        TD01     S 
 380 12780 32412 140 1215293116294121295120295 97 -99-991004  5 20   313-99 -99 -99 -99        TD01     S 
 380 12880 32418 142 1207285 75291104293111295101 -99  01006  2 15   314-99 -99 -99 -99        TD01     S 
 380 12980 325 0 143 1198280 84282 79288 99293105 -99-991006  2 15   314-99 -99 -99 -99        TD01     S 
 381 1 181 31112  47 1705-99-99-99-99-99-99-99-99 -99-991002-99 25   311-99 -99 -99 -99        FREDA    R 
 381 1 281 31118  56 1693-99-99-99-99-99-99-99-99 -99-991000-99 30   309-99 -99 -99 -99        FREDA    R 
 381 1 381 312 0  62 1682303137-99-99-99-99-99-99 -99-991000 -3 30   309-99 -99 -99 -99        FREDA    R 
 381 1 481 312 6  65 1675297100301116-99-99-99-99 -99-99 997 -3 35   306-99 -99 -99 -99        FREDA    R 
 381 1 581 31212  69 1668297 78298 94301107-99-99 -99-99 997 -3 35   306-99 -99 -99 -99        FREDA    R 
 381 1 681 31218  74 1659299 91297 86298 96-99-99 -99-99 994 -3 40   304-99 -99 -99 -99        FREDA    R 
 381 1 781 313 0  81 1649302112301101300 95-99-99 -99-99 994 -3 40   304-99 -99 -99 -99        FREDA    R 
 381 1 881 313 6  90 1640310123307116306107-99-99 -99-99 991 -3 45   301-99 -99 -99 -99        FREDA    R 
 381 1 981 31312  99 1631315127312124309118305112 -99-99 991 -3 45   301-99 -99 -99 -99        FREDA    R 
 381 11081 31318 107 1623315119315122313121306108 -99-99 984 -7 55   295-99 -99 -99 -99        FREDA    R 
 381 11181 314 0 117 1619327108323113321116312104 -99-99 980-11 60   291-99 -99 -99 -99        FREDA    R 
 381 11281 314 6 127 1614336109329109325112316108 -99-99 976 -8 65   288-99 -99 -99 -99        FREDA    R 
 381 11381 31412 137 1612341106340106334106321109 -99-99 976 -4 65   288-99 -99 -99 -99        FREDA    R 
 381 11481 31418 148 1614360105351105348105329108 -99-99 967 -9 75   280-99 -99 -99 -99        FREDA    R 
 381 11581 315 0 156 1619 20101 10 98360 98339101 -99-99 958-18 85   272-99 -99 -99 -99        FREDA    R 
 381 11681 315 6 169 1628 33125 26118 18110352100 -99-99 948-19 95   264-99 -99 -99 -99        FREDA    R 
 381 11781 31512 183 1640 37168 35143 30133  6106 -99-99 948-10 95   264-99 -99 -99 -99        FREDA    R 
 381 11881 31518 193 1650 41159 39158 37142 17112 -99-99 943 -5100   259-99 -99 -99 -99        FREDA    R 
 381 11981 316 0 202 1659 43131 42147 40149 24117 -99-99 943 -5100   259-99 -99 -99 -99        FREDA    R 
 381 12081 316 6 213 1670 43137 43137 42148 32127 -99-99 948  5 95   264-99 -99 -99 -99        FREDA    R 
 381 12181 31612 224 1681 43150 43141 43141 37136 -99-99 958 15 85   272-99 -99 -99 -99        FREDA    R 
 381 12281 31618 236 1692 42153 42153 42145 40143 -99-99 967 19 75   280-99 -99 -99 -99        FREDA    R 
 381 12381 317 0 248 1703 40157 41154 42153 41151 -99-99 976 18 65   288-99 -99 -99 -99        FREDA    R 
 381 12481 317 6 257 1716 46151 44153 44152 43150 -99-99 980 13 60   291-99 -99 -99 -99        FREDA    R 
 381 12581 31712 266 1730 54151 49152 47153 45147 -99  0 987 11 50   298-99 -99 -99 -99        FREDA    R 
 381 12681 31718 274 1743 55148 54148 51149 47147 -99-99 991 11 45   301-99 -99 -99 -99        FREDA    R 
 382 1 182 314 6  71 1530999-99999-99999-99999-99 -99-991007-99 15   -99-99 -99 -99 -99        MAMIE    S 
 382 1 282 31412  74 1515999-99999-99999-99999-99 -99-991005-99 20   -99-99 -99 -99 -99        MAMIE    S 
 382 1 382 31418  77 1501282147999-99999-99999-99 -99-991003 -4 25   -99-99 -99 -99 -99        MAMIE    S 
 382 1 482 315 0  78 1490279125280134999-99999-99 -99-991003 -2 25   -99-99 -99 -99 -99        MAMIE    S 
 382 1 582 315 6  77 1483270 89275106277117999-99 -99-991000 -3 30   -99-99 -99 -99 -99        MAMIE    S 
 382 1 682 31512  76 1478261 60268 76273 92999-99 -99-99 997 -6 35   -99-99 -99 -99 -99        MAMIE    S 
 382 1 782 31518  75 1472260 55261 60266 72999-99 -99-99 994 -6 40   -99-99 -99 -99 -99        MAMIE    S 
 382 1 882 316 0  73 1464258 71258 64259 66999-99 -99-99 991 -6 45   -99-99 -99 -99 -99        MAMIE    S 
 382 1 982 316 6  73 1455263 85263 77262 70272 93 -99-99 987 -7 50   -99-99 -99 -99 -99        MAMIE    S 
 382 11082 31612  73 1445270 94266 90265 82269 87 -99-99 987 -4 50   -99-99 -99 -99 -99        MAMIE    S 
 382 11182 31618  73 1434270104270 99267 94267 83 -99-99 984 -3 55   -99-99 -99 -99 -99        MAMIE    S 
 382 11282 317 0  74 1424273104272103271 99267 82 -99-99 984 -3 55   -99-99 -99 -99 -99        MAMIE    S 
 382 11382 317 6  76 1413278105275106274104269 87 -99-99 984  0 55   -99-99 -99 -99 -99        MAMIE    S 
 382 11482 31712  78 1400280121278114276112272 97 -99-99 984  0 55   -99-99 -99 -99 -99        MAMIE    S 
 382 11582 31718  79 1386276135278127277120273107 -99-99 984  0 55   -99-99 -99 -99 -99        MAMIE    S 
 382 11682 318 0  79 1370272149274142275134274117 -99-99 984  0 55   -99-99 -99 -99 -99        MAMIE    S 
 382 11782 318 6  81 1355274154274149275144275124 -99-99 984  0 55   -99-99 -99 -99 -99        MAMIE    S 
 382 11882 31812  82 1339276154274155274151275132 -99-99 984  0 55   -99-99 -99 -99 -99        MAMIE    S 
 382 11982 31818  82 1322272163274159273159275139 -99-99 984  0 55   -99-99 -99 -99 -99        MAMIE    S 
 382 12082 319 0  82 1301270188271178273171274153 -99-99 980 -4 60   -99-99 -99 -99 -99        MAMIE    S 
 382 12182 319 6  82 1281270203270191271183273164 -99-99 980 -4 60   -99-99 -99 -99 -99        MAMIE    S 
 382 12282 31912  84 1260273203272205272195273173 -99-99 984  4 55   -99-99 -99 -99 -99        MAMIE    S 
 382 12382 31918  84 1242273193272195271198272178 -99-99 991 11 45   -99-99 -99 -99 -99        MAMIE    S 
 382 12482 320 0  84 1228270158272175272181272176 -99-99 994 10 40   -99-99 -99 -99 -99        MAMIE    S 
 382 12582 320 6  85 1216272129271145273161272172 -99-99 994  3 40   -99-99 -99 -99 -99        MAMIE    S 
 382 12682 32012  88 1205280115276123274136273166 -99-99 997  3 35   -99-99 -99 -99 -99        MAMIE    S 
 382 12782 32018  90 1198286 92281101278110274154 -99-99 997  3 35   -99-99 -99 -99 -99        MAMIE    S 
 382 12882 321 0  93 1188287 88286 96283101276140 -99-99 994 -3 40   -99-99 -99 -99 -99        MAMIE    S 
 382 12982 321 6  95 1181287 87287 82286 90278125 -99-99 997  0 35   -99-99 -99 -99 -99        MAMIE    S 
 382 13082 32112  98 1174290 73289 83288 80279108 -99-99 997  3 35   -99-99 -99 -99 -99        MAMIE    S 
 382 13182 32118 101 1165291 84289 80289 86283 97 -99-99 997  0 35   -99-99 -99 -99 -99        MAMIE    S 
 382 13282 322 0 103 1157287 87289 83288 80285 91 -99-99 997  0 35   -99-99 -99 -99 -99        MAMIE    S 
 382 13382 322 6 105 1149284 81286 85288 83287 86 -99-99 997  0 35   -99-99 -99 -99 -99        MAMIE    S 
 382 13482 32212 110 1142295 82292 81291 84290 82 -99-991000  3 30   -99-99 -99 -99 -99        MAMIE    S 
 382 13582 32218 113 1136302 75296 76293 77291 82 -99-991000  3 30   -99-99 -99 -99 -99        MAMIE    S 
 382 13682 323 0 116 1130297 66301 72296 74292 77 -99-991000  0 30   -99-99 -99 -99 -99        MAMIE    S 
 382 13782 323 6 118 1125295 59296 62299 67293 75 -99-991000  0 30   -99-99 -99 -99 -99        MAMIE    S 
 382 13882 32312 119 1119286 56290 59292 61291 72 -99-991000  0 30   -99-99 -99 -99 -99        MAMIE    S 
 382 13982 32318 121 1112283 65286 61289 62291 70 -99-991000  0 30   -99-99 -99 -99 -99        MAMIE    S 
 382 14082 324 0 121 1107280 59280 60283 58290 65 -99-991003  3 25   -99-99 -99 -99 -99        MAMIE    S 
 382 14182 324 6 122 1101275 54280 60280 60290 63 -99-991003  3 25   -99-99 -99 -99 -99        MAMIE    S 
 382 14282 32412 122 1091274 78273 69276 69284 64 -99-991003  0 25   -99-99 -99 -99 -99        MAMIE    S 
 382 14382 32418 122 1083270 88272 78272 71280 66 -99-991005  2 20   -99-99 -99 -99 -99        MAMIE    S 
 382 14482 325 0 121 1078266 64268 75270 71276 64 -99-991008  5 10   -99-99 -99 -99 -99        MAMIE    S 
 382 2 182 318 6  38 1607999-99999-99999-99999-99 -99-991003-99 25   -99-99 -99 -99 -99        NELSON   S 
 382 2 282 31812  45 1588999-99999-99999-99999-99 -99-991003-99 25   -99-99 -99 -99 -99        NELSON   S 
 382 2 382 31818  49 1571287188999-99999-99999-99 -99-991000 -3 30   -99-99 -99 -99 -99        NELSON   S 
 382 2 482 319 0  55 1555287172288182999-99999-99 -99-99 994 -9 40   -99-99 -99 -99 -99        NELSON   S 
 382 2 582 319 6  59 1539287167286169287177999-99 -99-99 987-13 50   -99-99 -99 -99 -99        NELSON   S 
 382 2 682 31912  64 1524286161288164287166999-99 -99-99 984-10 55   -99-99 -99 -99 -99        NELSON   S 
 382 2 782 31918  67 1510286150285154287158999-99 -99-99 984 -3 55   -99-99 -99 -99 -99        NELSON   S 
 382 2 882 320 0  69 1499281127284137284143999-99 -99-99 987  3 50   -99-99 -99 -99 -99        NELSON   S 
 382 2 982 320 6  69 1487275115278124281132285154 -99-99 987  3 50   -99-99 -99 -99 -99        NELSON   S 
 382 21082 32012  70 1476273114275113277120283143 -99-99 987  0 50   -99-99 -99 -99 -99        NELSON   S 
 382 21182 32018  73 1465280111277113278113283135 -99-99 987  0 50   -99-99 -99 -99 -99        NELSON   S 
 382 21282 321 0  75 1455284107281108278110281127 -99-99 987  0 50   -99-99 -99 -99 -99        NELSON   S 
 382 21382 321 6  78 1444284107284109282109281120 -99-99 984 -3 55   -99-99 -99 -99 -99        NELSON   S 
 382 21482 32112  79 1429279130280121281119279119 -99-99 980 -7 60   -99-99 -99 -99 -99        NELSON   S 
 382 21582 32118  81 1413276154278140279130278121 -99-99 976 -8 65   -99-99 -99 -99 -99        NELSON   S 
 382 21682 322 0  83 1395277169276163278150278130 -99-99 976 -4 65   -99-99 -99 -99 -99        NELSON   S 
 382 21782 322 6  86 1377278180278173277167279138 -99-99 980  4 60   -99-99 -99 -99 -99        NELSON   S 
 382 21882 32212  88 1361279170278173278170279144 -99-99 980  4 60   -99-99 -99 -99 -99        NELSON   S 
 382 21982 32218  90 1348278145279157278162278146 -99-99 980  0 60   -99-99 -99 -99 -99        NELSON   S 
 382 22082 323 0  91 1335277129277139278150278150 -99-99 976 -4 65   -99-99 -99 -99 -99        NELSON   S 
 382 22182 323 6  92 1324275119276123277132277149 -99-99 972 -8 70   -99-99 -99 -99 -99        NELSON   S 
 382 22282 32312  93 1314276104275112276117277143 -99-99 972 -4 70   -99-99 -99 -99 -99        NELSON   S 
 382 22382 32318  95 1304279100277103277109277136 -99-99 972  0 70   -99-99 -99 -99 -99        NELSON   S 
 382 22482 324 0  97 1295282 96280 97279100278125 -99-99 968 -4 75   -99-99 -99 -99 -99        NELSON   S 
 382 22582 324 6  98 1288281 80281 87280 90278111 -99-99 963 -9 80   -99-99 -99 -99 -99        NELSON   S 
 382 22682 32412  98 1282275 64278 73279 80277 98 -99-99 958-10 85   -99-99 -99 -99 -99        NELSON   S 
 382 22782 32418  99 1277275 54276 60279 67277 88 -99-99 954 -9 90   -99-99 -99 -99 -99        NELSON   S 
 382 22882 325 0 101 1272287 51281 54280 57279 79 -99-99 949 -9 95   -99-99 -99 -99 -99        NELSON   S 
 382 22982 325 6 103 1268294 49290 49284 51281 70 -99-99 943-11100   -99-99 -99 -99 -99        NELSON   S 
 382 23082 32512 105 1262292 53292 53290 52283 66 -99-99 938-11105   -99-99 -99 -99 -99        NELSON   S 
 382 23182 32518 104 1255275 64280 57283 56281 61 -99-99 943  0100   -99-99 -99 -99 -99        NELSON   S 
 382 23282 326 0 103 1248262 70270 66275 59277 58 -99-99 949 11 95   -99-99 -99 -99 -99        NELSON   S 
 382 23382 326 6 105 1240274 74270 72274 69278 60 -99-99 958 15 85   -99-99 -99 -99 -99        NELSON   S 
 382 23482 32612 110 1235299 73287 69281 67285 60 -99-99 963 14 80   -99-99 -99 -99 -99        NELSON   S 
 382 23582 32618 115 1229313 74303 74293 69289 62 -99-99 968 10 75   -99-99 -99 -99 -99        NELSON   S 
 382 23682 327 0 117 1222299 73304 71299 73288 65 -99-99 976 13 65   -99-99 -99 -99 -99        NELSON   S 
 382 23782 327 6 118 1213281 80290 77296 74286 70 -99-99 980 12 60   -99-99 -99 -99 -99        NELSON   S 
 382 23882 32712 119 1204277 89279 83287 79284 73 -99-99 984  8 55   -99-99 -99 -99 -99        NELSON   S 
 382 23982 32718 120 1195277 89277 89279 84285 76 -99-99 991 11 45   -99-99 -99 -99 -99        NELSON   S 
 382 24082 328 0 124 1185285 96282 93281 92289 82 -99-99 994 10 40   -99-99 -99 -99 -99        NELSON   S 
 382 24182 328 6 129 1178299 94292 91288 90292 82 -99-99 991  0 45   -99-99 -99 -99 -99        NELSON   S 
 382 24282 32812 133 1172305 78300 86294 86291 82 -99-99 987 -7 50   -99-99 -99 -99 -99        NELSON   S 
 382 24382 32818 137 1166304 71305 75301 82290 82 -99-99 987 -4 50   -99-99 -99 -99 -99        NELSON   S 
 382 24482 329 0 141 1161307 67306 68306 72292 80 -99-99 991  4 45   -99-99 -99 -99 -99        NELSON   S 
 382 24582 329 6 143 1158308 49306 56306 60295 74 -99-99 991  4 45   -99-99 -99 -99 -99        NELSON   S 
 382 24682 32912 142 1154278 34293 42297 49295 67 -99-99 994  3 40   -99-99 -99 -99 -99        NELSON   S 
 382 24782 32918 140 1149251 46265 39280 42294 61 -99-99 994  3 40   -99-99 -99 -99 -99        NELSON   S 
 382 24882 330 0 139 1145251 46252 44263 39291 52 -99-99 997  3 35   -99-99 -99 -99 -99        NELSON   S 
 382 24982 330 6 138 1142254 35251 41252 41284 45 -99-991000  6 30   -99-99 -99 -99 -99        NELSON   S 
 382 25082 33012 135 1140231 31240 34243 38274 39 -99-991000  3 30   -99-99 -99 -99 -99        NELSON   S 
 382 25182 33018 132 1137219 39228 35236 35260 36 -99-991000  0 30   -99-99 -99 -99 -99        NELSON   S 
 382 25282 331 0 129 1136213 36213 36221 33244 34 -99-991000  0 30   -99-99 -99 -99 -99        NELSON   S 
 382 25382 331 6 129 1140136 21180 20192 23231 28 -99-991000  0 30   -99-99 -99 -99 -99        NELSON   S 
 382 25482 33112 131 1140 63 22109 10180 10231 22 -99-991000  0 30   -99-99 -99 -99 -99        NELSON   S 
 382 25582 33118 131 1135292 26334  7243  5237 20 -99-991000  0 30   -99-99 -99 -99 -99        NELSON   S 
 382 25682 4 1 0 131 1131270 44283 30292 13240 20 -99-991003  3 25   -99-99 -99 -99 -99        NELSON   S 
 382 25782 4 1 6 131 1126270 44270 45278 34246 21 -99-991003  3 25   -99-99 -99 -99 -99        NELSON   S 
 382 3 182 328 6  35 1566999-99999-99999-99999-99 -99-991005-99 20   -99-99 -99 -99 -99        ODESSA   O 
 382 3 282 32812  43 1561999-99999-99999-99999-99 -99-991003-99 25   -99-99 -99 -99 -99        ODESSA   O 
 382 3 382 32818  51 1559336 87999-99999-99999-99 -99-991000 -5 30   -99-99 -99 -99 -99        ODESSA   O 
 382 3 482 329 0  60 1558350 86342 87999-99999-99 -99-991000 -3 30   -99-99 -99 -99 -99        ODESSA   O 
 382 3 582 329 6  68 1559360 85355 84348 84999-99 -99-99 997 -3 35   -99-99 -99 -99 -99        ODESSA   O 
 382 3 682 32912  72 1564 26 67 13 72  6 73999-99 -99-99 997 -3 35   -99-99 -99 -99 -99        ODESSA   O 
 382 3 782 32918  76 1570 54 68 37 67 24 68999-99 -99-99 997  0 35   -99-99 -99 -99 -99        ODESSA   O 
 382 3 882 330 0  81 1580 60 91 58 82 46 76999-99 -99-99 991 -6 45   -99-99 -99 -99 -99        ODESSA   O 
 382 3 982 330 6  85 1590 66109 63 96 61 88 26 69 -99-99 987-10 50   -99-99 -99 -99 -99        ODESSA   O 
 382 31082 33012  87 1601 74108 70109 68 99 42 74 -99-99 987 -4 50   -99-99 -99 -99 -99        ODESSA   O 
 382 31182 33018  87 1612 85109 79107 75107 56 80 -99-99 987  0 50   -99-99 -99 -99 -99        ODESSA   O 
 382 31282 331 0  88 1622 87104 85106 80105 66 87 -99-99 987  0 50   -99-99 -99 -99 -99        ODESSA   O 
 382 31382 331 6  89 1633 85104 86106 85107 74 95 -99-99 987  0 50   -99-99 -99 -99 -99        ODESSA   O 
 382 31482 33112  93 1640 74 92 78 94 81 97 74 98 -99-99 987  0 50   -99-99 -99 -99 -99        ODESSA   O 
 382 31582 33118 100 1643 42 74 60 80 67 83 72 95 -99-99 987  0 50   -99-99 -99 -99 -99        ODESSA   O 
 382 31682 4 1 0 103 1635334 56  8 47 41 49 68 73 -99-99 987  0 50   -99-99 -99 -99 -99        ODESSA   O 
 382 31782 4 1 6 104 1628285 76313 54342 39 63 53 -99-99 987  0 50   -99-99 -99 -99 -99        ODESSA   O 
 382 31882 4 112 106 1625287 51289 62311 49 51 38 -99-99 984 -3 55   -99-99 -99 -99 -99        ODESSA   O 
 382 31982 4 118 107 1621294 37286 48288 57 24 27 -99-99 984 -3 55   -99-99 -99 -99 -99        ODESSA   O 
 382 32082 4 2 0 110 1615292 53295 47290 52343 29 -99-99 980 -4 60   -99-99 -99 -99 -99        ODESSA   O 
 382 32182 4 2 6 115 1608302 75298 63299 56317 45 -99-99 980 -4 60   -99-99 -99 -99 -99        ODESSA   O 
 382 32282 4 212 121 1603313 80308 75305 66308 57 -99-99 980  0 60   -99-99 -99 -99 -99        ODESSA   O 
 382 32382 4 218 128 1599326 78319 79314 75303 64 -99-99 972 -8 70   -99-99 -99 -99 -99        ODESSA   O 
 382 32482 4 3 0 133 1597334 67329 70323 72309 60 -99-99 968-12 75   -99-99 -99 -99 -99        ODESSA   O 
 382 32582 4 3 6 140 1603 18 63360 63349 64326 54 -99-99 976  4 65   -99-99 -99 -99 -99        ODESSA   O 
 382 32682 4 312 132 1589263 39292 35309 44306 55 -99-99 984 16 55   -99-99 -99 -99 -99        ODESSA   O 
 382 32782 4 318 130 1573251154263 79275 64296 65 -99-99 987 11 50   -99-99 -99 -99 -99        ODESSA   O 
 382 32882 4 4 0 131 1559268146258146267 93291 73 -99-99 994 10 40   -99-99 -99 -99 -99        ODESSA   O 
 382 32982 4 4 6 131 1546272132269140261140285 78 -99-991000 13 30   -99-99 -99 -99 -99        ODESSA   O 
