*15TC03E   0 213923860 009070900 0  7   
1010000-999999-99999-99999109  411  2   
10 9250-999999-99999-99999109  411  3   
10 8500-999999-99999-99999109  411  4   
10 7000-999999-99999-99999109  411  5   
10 5000-999999-99999-99999109  411  6   
10 4000-999999-99999-99999109  411  7   
*15TC03E   0 228923860 009070900 0  7   
1010000-999999-99999-99999 80 1611  2   
10 9250-999999-99999-99999 87 1611  3   
10 8500-999999-99999-99999 95 1711  4   
10 7000-999999-99999-99999 95 1611  5   
10 5000-999999-99999-99999 95 1511  6   
10 4000-999999-99999-99999 96 1211  7   
*15TC03E   0 213924021 009070900 0  7   
1010000-999999-99999-99999359 1011  2   
10 9250-999999-99999-99999 10 1111  3   
10 8500-999999-99999-99999 21 1111  4   
10 7000-999999-99999-99999 22 1111  5   
10 5000-999999-99999-99999 24 1011  6   
10 4000-999999-99999-99999 32  711  7   
*15TC03E   0 198923860 009070900 0  7   
1010000-999999-99999-99999232  911  2   
10 9250-999999-99999-99999245  911  3   
10 8500-999999-99999-99999259  811  4   
10 7000-999999-99999-99999258  711  5   
10 5000-999999-99999-99999256  611  6   
10 4000-999999-99999-99999248  411  7   
*15TC03E   0 213923698 009070900 0  7   
1010000-999999-99999-99999147 1611  2   
10 9250-999999-99999-99999155 1511  3   
10 8500-999999-99999-99999163 1411  4   
10 7000-999999-99999-99999162 1411  5   
10 5000-999999-99999-99999160 1311  6   
10 4000-999999-99999-99999156 1011  7   
*15TC90W   0  61915150 009070900 0  7   
1010000-999999-99999-99999 90  511  2   
10 9250-999999-99999-99999 90  511  3   
10 8500-999999-99999-99999 90  511  4   
10 7000-999999-99999-99999 90  511  5   
10 5000-999999-99999-99999 90  511  6   
10 4000-999999-99999-99999 90  511  7   
*15TC90W   0  76915150 009070900 0  7   
1010000-999999-99999-99999 78 1211  2   
10 9250-999999-99999-99999 84 1211  3   
10 8500-999999-99999-99999 90 1211  4   
10 7000-999999-99999-99999 90 1211  5   
10 5000-999999-99999-99999 90 1111  6   
10 4000-999999-99999-99999 90 1011  7   
*15TC90W   0  61915300 009070900 0  7   
1010000-999999-99999-99999 20  711  2   
10 9250-999999-99999-99999 28  811  3   
10 8500-999999-99999-99999 34  911  4   
10 7000-999999-99999-99999 36  911  5   
10 5000-999999-99999-99999 39  811  6   
10 4000-999999-99999-99999 47  711  7   
*15TC90W   0  46915150 009070900 0  7   
1010000-999999-99999-99999215  311  2   
10 9250-999999-99999-99999238  211  3   
10 8500-999999-99999-99999270  211  4   
10 7000-999999-99999-99999270  111  5   
10 5000-999999-99999-99999270  111  6   
10 4000-999999-99999-99999 90  011  7   
*15TC90W   0  61914999 009070900 0  7   
1010000-999999-99999-99999132 1011  2   
10 9250-999999-99999-99999138 1011  3   
10 8500-999999-99999-99999145  911  4   
10 7000-999999-99999-99999143  911  5   
10 5000-999999-99999-99999140  811  6   
10 4000-999999-99999-99999132  711  7   
*15TC99W   0 187012630 009070900 0  7   
1010000-999999-99999-99999128  111  2   
10 9250-999999-99999-99999128  111  3   
10 8500-999999-99999-99999128  111  4   
10 7000-999999-99999-99999128  111  5   
10 5000-999999-99999-99999128  111  6   
10 4000-999999-99999-99999128  111  7   
*15TC99W   0 202012630 009070900 0  7   
1010000-999999-99999-99999 77  811  2   
10 9250-999999-99999-99999 86  811  3   
10 8500-999999-99999-99999 95  811  4   
10 7000-999999-99999-99999 95  811  5   
10 5000-999999-99999-99999 95  711  6   
10 4000-999999-99999-99999 97  511  7   
*15TC99W   0 187012788 009070900 0  7   
1010000-999999-99999-99999345  611  2   
10 9250-999999-99999-99999356  611  3   
10 8500-999999-99999-99999  8  611  4   
10 7000-999999-99999-99999  8  611  5   
10 5000-999999-99999-99999  9  511  6   
10 4000-999999-99999-99999 12  411  7   
*15TC99W   0 172012630 009070900 0  7   
1010000-999999-99999-99999241  711  2   
10 9250-999999-99999-99999252  611  3   
10 8500-999999-99999-99999263  611  4   
10 7000-999999-99999-99999263  611  5   
10 5000-999999-99999-99999262  511  6   
10 4000-999999-99999-99999259  411  7   
*15TC99W   0 187012471 009070900 0  7   
1010000-999999-99999-99999155  811  2   
10 9250-999999-99999-99999164  811  3   
10 8500-999999-99999-99999173  811  4   
10 7000-999999-99999-99999173  811  5   
10 5000-999999-99999-99999172  711  6   
10 4000-999999-99999-99999170  511  7   
