tcvitals: TC03E   21.4  238.6   12.86  1006.   1
tcvitals: TC90W    6.2  151.5    7.72  1008.   2
tcvitals: TC99W   18.7  126.3    7.72  1010.   3
retrieval: TC03E   21.4  238.6    1
 1000.  -4.31   1.54   -40.0
  925.  -4.31   1.54 99999.9
  850.  -4.31   1.54 99999.9
  700.  -4.31   1.54 99999.9
  500.  -4.31   1.54 99999.9
  400.  -4.31   1.54 99999.9
retrieval: TC03E   22.9  238.6    2
 1000. -16.28  -2.81   -26.7
  925. -16.85  -0.67 99999.9
  850. -17.05   1.54 99999.9
  700. -16.41   1.54 99999.9
  500. -15.14   1.54 99999.9
  400. -12.59   1.54 99999.9
retrieval: TC03E   21.4  240.2    3
 1000.   0.05 -10.42   -25.5
  925.  -2.10 -11.00 99999.9
  850.  -4.31 -11.19 99999.9
  700.  -4.31 -10.56 99999.9
  500.  -4.31  -9.28 99999.9
  400.  -4.31  -6.73 99999.9
retrieval: TC03E   19.9  238.6    4
 1000.   7.66   5.90   -24.4
  925.   8.23   3.75 99999.9
  850.   8.42   1.54 99999.9
  700.   7.79   1.54 99999.9
  500.   6.51   1.54 99999.9
  400.   3.97   1.54 99999.9
retrieval: TC03E   21.4  237.0    5
 1000.  -8.67  13.51   -25.5
  925.  -6.52  14.08 99999.9
  850.  -4.31  14.28 99999.9
  700.  -4.31  13.64 99999.9
  500.  -4.31  12.37 99999.9
  400.  -4.31   9.82 99999.9
retrieval: TC90W    6.2  151.5    1
 1000.  -5.35  -0.00   -10.2
  925.  -5.35  -0.00 99999.9
  850.  -5.35   0.00 99999.9
  700.  -5.35   0.00 99999.9
  500.  -5.35   0.00 99999.9
  400.  -5.35   0.00 99999.9
retrieval: TC90W    7.7  151.5    2
 1000. -12.53  -2.61    -6.8
  925. -12.87  -1.33 99999.9
  850. -12.99   0.00 99999.9
  700. -12.61   0.00 99999.9
  500. -11.84   0.00 99999.9
  400. -10.32   0.00 99999.9
retrieval: TC90W    6.2  153.0    3
 1000.  -2.74  -7.18    -6.1
  925.  -4.02  -7.53 99999.9
  850.  -5.35  -7.64 99999.9
  700.  -5.35  -7.26 99999.9
  500.  -5.35  -6.49 99999.9
  400.  -5.35  -4.97 99999.9
retrieval: TC90W    4.7  151.5    4
 1000.   1.83   2.61    -5.3
  925.   2.18   1.33 99999.9
  850.   2.29  -0.00 99999.9
  700.   1.91  -0.00 99999.9
  500.   1.15  -0.00 99999.9
  400.  -0.38  -0.00 99999.9
retrieval: TC90W    6.2  150.0    5
 1000.  -7.96   7.18    -6.1
  925.  -6.68   7.53 99999.9
  850.  -5.35   7.64 99999.9
  700.  -5.35   7.26 99999.9
  500.  -5.35   6.49 99999.9
  400.  -5.35   4.97 99999.9
retrieval: TC99W   18.7  126.3    1
 1000.  -0.97   0.77   -18.2
  925.  -0.97   0.77 99999.9
  850.  -0.97   0.77 99999.9
  700.  -0.97   0.77 99999.9
  500.  -0.97   0.77 99999.9
  400.  -0.97   0.77 99999.9
retrieval: TC99W   20.2  126.3    2
 1000.  -8.15  -1.85   -12.7
  925.  -8.49  -0.56 99999.9
  850.  -8.61   0.77 99999.9
  700.  -8.23   0.77 99999.9
  500.  -7.46   0.77 99999.9
  400.  -5.93   0.77 99999.9
retrieval: TC99W   18.7  127.9    3
 1000.   1.65  -6.41   -12.0
  925.   0.36  -6.76 99999.9
  850.  -0.97  -6.87 99999.9
  700.  -0.97  -6.49 99999.9
  500.  -0.97  -5.73 99999.9
  400.  -0.97  -4.20 99999.9
retrieval: TC99W   17.2  126.3    4
 1000.   6.21   3.38   -11.3
  925.   6.56   2.09 99999.9
  850.   6.67   0.77 99999.9
  700.   6.29   0.77 99999.9
  500.   5.53   0.77 99999.9
  400.   4.00   0.77 99999.9
retrieval: TC99W   18.7  124.7    5
 1000.  -3.58   7.95   -12.0
  925.  -2.29   8.29 99999.9
  850.  -0.97   8.41 99999.9
  700.  -0.97   8.03 99999.9
  500.  -0.97   7.26 99999.9
  400.  -0.97   5.73 99999.9
