*15TC04L   0 2130322209987090700 0  7   
1010000   9111-99999-99999148  911  2   
10 9250-999999-99999-99999148  911  3   
10 8500-999999-99999-99999147  911  4   
10 7000-999999-99999-99999149  911  5   
10 5000-999999-99999-99999150  911  6   
10 4000-999999-99999-99999149 1011  7   
*15TC04L   0 2330322209987090700 0  7   
1010000  11811-99999-99999117 1911  2   
10 9250-999999-99999-99999117 1911  3   
10 8500-999999-99999-99999116 1811  4   
10 7000-999999-99999-99999118 1711  5   
10 5000-999999-99999-99999124 1611  6   
10 4000-999999-99999-99999130 1411  7   
*15TC04L   0 2130320209987090700 0  7   
1010000  11711-99999-99999 46  611  2   
10 9250-999999-99999-99999 47  611  3   
10 8500-999999-99999-99999 47  611  4   
10 7000-999999-99999-99999 49  611  5   
10 5000-999999-99999-99999 60  511  6   
10 4000-999999-99999-99999 91  411  7   
*15TC04L   0 1929322209987090700 0  7   
1010000  12111-99999-99999224 1011  2   
10 9250-999999-99999-99999223 1011  3   
10 8500-999999-99999-99999222 1011  4   
10 7000-999999-99999-99999214  911  5   
10 5000-999999-99999-99999206  811  6   
10 4000-999999-99999-99999184  811  7   
*15TC04L   0 2129324209987090700 0  7   
1010000  11711-99999-99999164 2111  2   
10 9250-999999-99999-99999163 2111  3   
10 8500-999999-99999-99999165 2011  4   
10 7000-999999-99999-99999165 2011  5   
10 5000-999999-99999-99999164 1911  6   
10 4000-999999-99999-99999161 1711  7   
*15TC04L   0 2412319379987090700 0  7   
1010000  13411-99999-99999119  911  2   
10 9250-999999-99999-99999119  911  3   
10 8500-999999-99999-99999117  911  4   
10 7000-999999-99999-99999117  811  5   
10 5000-999999-99999-99999129  711  6   
10 4000-999999-99999-99999140  711  7   
*15TC04L   0 1847319379987090700 0  7   
1010000  13611-99999-99999185  311  2   
10 9250-999999-99999-99999188  311  3   
10 8500-999999-99999-99999174  311  4   
10 7000-999999-99999-99999154  311  5   
10 5000-999999-99999-99999144  411  6   
10 4000-999999-99999-99999138  611  7   
*15TC04L   0 1847325029987090700 0  7   
1010000  13611-99999-99999172  911  2   
10 9250-999999-99999-99999170  911  3   
10 8500-999999-99999-99999172 1011  4   
10 7000-999999-99999-99999164 1111  5   
10 5000-999999-99999-99999155 1011  6   
10 4000-999999-99999-99999147 1011  7   
*15TC04L   0 2412325029987090700 0  7   
1010000  13411-99999-99999140 1511  2   
10 9250-999999-99999-99999140 1511  3   
10 8500-999999-99999-99999142 1411  4   
10 7000-999999-99999-99999148 1311  5   
10 5000-999999-99999-99999152 1311  6   
10 4000-999999-99999-99999156 1111  7   
*15TC04L   0 2730322209987090700 0  7   
1010000  14311-99999-99999138 1111  2   
10 9250-999999-99999-99999141 1111  3   
10 8500-999999-99999-99999141 1011  4   
10 7000-999999-99999-99999149  811  5   
10 5000-999999-99999-99999164  911  6   
10 4000-999999-99999-99999176  911  7   
*15TC04L   0 2130316209987090700 0  7   
1010000  14111-99999-99999139  511  2   
10 9250-999999-99999-99999138  511  3   
10 8500-999999-99999-99999128  511  4   
10 7000-999999-99999-99999119  511  5   
10 5000-999999-99999-99999121  411  6   
10 4000-999999-99999-99999120  411  7   
*15TC04L   0 1529322209987090700 0  7   
1010000  14311-99999-99999176  511  2   
10 9250-999999-99999-99999181  511  3   
10 8500-999999-99999-99999174  611  4   
10 7000-999999-99999-99999147  711  5   
10 5000-999999-99999-99999136  711  6   
10 4000-999999-99999-99999134  911  7   
*15TC04L   0 2129328209987090700 0  7   
1010000  14111-99999-99999140 1011  2   
10 9250-999999-99999-99999137 1011  3   
10 8500-999999-99999-99999145 1011  4   
10 7000-999999-99999-99999148 1011  5   
10 5000-999999-99999-99999141 1011  6   
10 4000-999999-99999-99999135  811  7   
*15TC13W   0 1520141399987090700 0  7   
1010000 -13411-99999-99999188  011  2   
10 9250-999999-99999-99999194  011  3   
10 8500-999999-99999-99999177  011  4   
10 7000-999999-99999-99999152  011  5   
10 5000-999999-99999-99999137  011  6   
10 4000-999999-99999-99999135  111  7   
*15TC13W   0 1720141399987090700 0  7   
1010000   3811-99999-99999 92 1311  2   
10 9250-999999-99999-99999 92 1411  3   
10 8500-999999-99999-99999 93 1411  4   
10 7000-999999-99999-99999 95 1311  5   
10 5000-999999-99999-99999 90 1211  6   
10 4000-999999-99999-99999 91  911  7   
*15TC13W   0 1520139399987090700 0  7   
1010000   4011-99999-99999359 1111  2   
10 9250-999999-99999-99999357 1111  3   
10 8500-999999-99999-99999358 1111  4   
10 7000-999999-99999-99999  1 1111  5   
10 5000-999999-99999-99999  2  911  6   
10 4000-999999-99999-99999 11  711  7   
*15TC13W   0 1320141399987090700 0  7   
1010000   4311-99999-99999265 1311  2   
10 9250-999999-99999-99999265 1411  3   
10 8500-999999-99999-99999266 1411  4   
10 7000-999999-99999-99999268 1311  5   
10 5000-999999-99999-99999265 1111  6   
10 4000-999999-99999-99999263  811  7   
*15TC13W   0 1519143399987090700 0  7   
1010000   4011-99999-99999179 1311  2   
10 9250-999999-99999-99999178 1211  3   
10 8500-999999-99999-99999177 1211  4   
10 7000-999999-99999-99999177 1211  5   
10 5000-999999-99999-99999177 1111  6   
10 4000-999999-99999-99999179  811  7   
*15TC13W   0 1802138579987090700 0  7   
1010000   5811-99999-99999 60  711  2   
10 9250-999999-99999-99999 62  611  3   
10 8500-999999-99999-99999 64  611  4   
10 7000-999999-99999-99999 69  611  5   
10 5000-999999-99999-99999 59  611  6   
10 4000-999999-99999-99999 62  511  7   
*15TC13W   0 1237138579987090700 0  7   
1010000   6111-99999-99999289  611  2   
10 9250-999999-99999-99999283  611  3   
10 8500-999999-99999-99999290  711  4   
10 7000-999999-99999-99999300  711  5   
10 5000-999999-99999-99999290  511  6   
10 4000-999999-99999-99999291  311  7   
*15TC13W   0 1237144229987090700 0  7   
1010000   6111-99999-99999232  711  2   
10 9250-999999-99999-99999235  611  3   
10 8500-999999-99999-99999236  711  4   
10 7000-999999-99999-99999238  711  5   
10 5000-999999-99999-99999229  611  6   
10 4000-999999-99999-99999229  511  7   
*15TC13W   0 1802144229987090700 0  7   
1010000   5811-99999-99999123  811  2   
10 9250-999999-99999-99999117  811  3   
10 8500-999999-99999-99999120  911  4   
10 7000-999999-99999-99999127  811  5   
10 5000-999999-99999-99999123  611  6   
10 4000-999999-99999-99999139  411  7   
*15TC13W   0 2120141399987090700 0  7   
1010000   7111-99999-99999 97  711  2   
10 9250-999999-99999-99999 99  711  3   
10 8500-999999-99999-99999105  711  4   
10 7000-999999-99999-99999113  611  5   
10 5000-999999-99999-99999 89  311  6   
10 4000-999999-99999-99999 44  111  7   
*15TC13W   0 1520135399987090700 0  7   
1010000   7011-99999-99999354  111  2   
10 9250-999999-99999-99999286  111  3   
10 8500-999999-99999-99999306  111  4   
10 7000-999999-99999-99999  4  111  5   
10 5000-999999-99999-99999 51  011  6   
10 4000-999999-99999-99999 97  211  7   
*15TC13W   0  920141399987090700 0  7   
1010000   7111-99999-99999253  511  2   
10 9250-999999-99999-99999246  511  3   
10 8500-999999-99999-99999257  611  4   
10 7000-999999-99999-99999274  711  5   
10 5000-999999-99999-99999252  511  6   
10 4000-999999-99999-99999257  311  7   
*15TC13W   0 1519147399987090700 0  7   
1010000   7011-99999-99999151  111  2   
10 9250-999999-99999-99999 97  111  3   
10 8500-999999-99999-99999124  111  4   
10 7000-999999-99999-99999150  311  5   
10 5000-999999-99999-99999160  311  6   
10 4000-999999-99999-99999191  311  7   
*15TC14W   0 1800126309987090700 0  7   
1010000 -16311-99999-99999139  111  2   
10 9250-999999-99999-99999143  111  3   
10 8500-999999-99999-99999146  211  4   
10 7000-999999-99999-99999140  211  5   
10 5000-999999-99999-99999131  211  6   
10 4000-999999-99999-99999124  311  7   
*15TC14W   0 2000126309987090700 0  7   
1010000   1211-99999-99999 90 1611  2   
10 9250-999999-99999-99999 89 1611  3   
10 8500-999999-99999-99999 92 1611  4   
10 7000-999999-99999-99999 98 1511  5   
10 5000-999999-99999-99999 98 1311  6   
10 4000-999999-99999-99999102 1011  7   
*15TC14W   0 1800124309987090700 0  7   
1010000   1311-99999-99999  4 1311  2   
10 9250-999999-99999-99999  4 1311  3   
10 8500-999999-99999-99999  5 1311  4   
10 7000-999999-99999-99999  6 1111  5   
10 5000-999999-99999-99999  9 1011  6   
10 4000-999999-99999-99999 18  711  7   
*15TC14W   0 1600126309987090700 0  7   
1010000   1711-99999-99999258 1311  2   
10 9250-999999-99999-99999258 1411  3   
10 8500-999999-99999-99999260 1411  4   
10 7000-999999-99999-99999263 1211  5   
10 5000-999999-99999-99999259  911  6   
10 4000-999999-99999-99999254  611  7   
*15TC14W   0 1799128309987090700 0  7   
1010000   1311-99999-99999175 1611  2   
10 9250-999999-99999-99999176 1611  3   
10 8500-999999-99999-99999175 1611  4   
10 7000-999999-99999-99999172 1511  5   
10 5000-999999-99999-99999171 1411  6   
10 4000-999999-99999-99999165 1111  7   
*15TC14W   0 2082123479987090700 0  7   
1010000   3311-99999-99999 50 1111  2   
10 9250-999999-99999-99999 52 1311  3   
10 8500-999999-99999-99999 56 1211  4   
10 7000-999999-99999-99999 60  811  5   
10 5000-999999-99999-99999 54  611  6   
10 4000-999999-99999-99999 57  311  7   
*15TC14W   0 1517123479987090700 0  7   
1010000   3611-99999-99999296  711  2   
10 9250-999999-99999-99999293  911  3   
10 8500-999999-99999-99999296  911  4   
10 7000-999999-99999-99999307  811  5   
10 5000-999999-99999-99999316  611  6   
10 4000-999999-99999-99999333  311  7   
*15TC14W   0 1517129129987090700 0  7   
1010000   3611-99999-99999210 1111  2   
10 9250-999999-99999-99999213 1311  3   
10 8500-999999-99999-99999215 1111  4   
10 7000-999999-99999-99999212  811  5   
10 5000-999999-99999-99999203  811  6   
10 4000-999999-99999-99999190  511  7   
*15TC14W   0 2082129129987090700 0  7   
1010000   3311-99999-99999128 1011  2   
10 9250-999999-99999-99999127 1111  3   
10 8500-999999-99999-99999131 1111  4   
10 7000-999999-99999-99999138 1111  5   
10 5000-999999-99999-99999141  911  6   
10 4000-999999-99999-99999146  611  7   
*15TC14W   0 2400126309987090700 0  7   
1010000   4811-99999-99999 74  811  2   
10 9250-999999-99999-99999 76 1111  3   
10 8500-999999-99999-99999 84 1011  4   
10 7000-999999-99999-99999107  511  5   
10 5000-999999-99999-99999145  211  6   
10 4000-999999-99999-99999229  411  7   
*15TC14W   0 1800120309987090700 0  7   
1010000   4611-99999-99999  5  511  2   
10 9250-999999-99999-99999 10  711  3   
10 8500-999999-99999-99999 13  611  4   
10 7000-999999-99999-99999  6  411  5   
10 5000-999999-99999-99999  9  511  6   
10 4000-999999-99999-99999 20  311  7   
*15TC14W   0 1200126299987090700 0  7   
1010000   4811-99999-99999237  911  2   
10 9250-999999-99999-99999240 1111  3   
10 8500-999999-99999-99999250 1011  4   
10 7000-999999-99999-99999275  711  5   
10 5000-999999-99999-99999254  511  6   
10 4000-999999-99999-99999264  411  7   
*15TC14W   0 1799132309987090700 0  7   
1010000   4611-99999-99999172  911  2   
10 9250-999999-99999-99999174 1011  3   
10 8500-999999-99999-99999170  911  4   
10 7000-999999-99999-99999162  811  5   
10 5000-999999-99999-99999163  711  6   
10 4000-999999-99999-99999155  511  7   
*15TC15W   0 1380163009987090700 0  7   
1010000 -18711-99999-99999130  411  2   
10 9250-999999-99999-99999131  411  3   
10 8500-999999-99999-99999129  411  4   
10 7000-999999-99999-99999128  511  5   
10 5000-999999-99999-99999124  511  6   
10 4000-999999-99999-99999123  511  7   
*15TC15W   0 1580163009987090700 0  7   
1010000   4111-99999-99999 96 2011  2   
10 9250-999999-99999-99999 97 2111  3   
10 8500-999999-99999-99999 97 2111  4   
10 7000-999999-99999-99999 98 2011  5   
10 5000-999999-99999-99999 98 1711  6   
10 4000-999999-99999-99999101 1411  7   
*15TC15W   0 1380161009987090700 0  7   
1010000   4211-99999-99999 12 1411  2   
10 9250-999999-99999-99999 11 1411  3   
10 8500-999999-99999-99999 13 1411  4   
10 7000-999999-99999-99999 17 1311  5   
10 5000-999999-99999-99999 20 1111  6   
10 4000-999999-99999-99999 28  811  7   
*15TC15W   0 1180163009987090700 0  7   
1010000   4511-99999-99999255 1311  2   
10 9250-999999-99999-99999256 1411  3   
10 8500-999999-99999-99999257 1411  4   
10 7000-999999-99999-99999255 1211  5   
10 5000-999999-99999-99999250 1011  6   
10 4000-999999-99999-99999241  611  7   
*15TC15W   0 1379165009987090700 0  7   
1010000   4211-99999-99999168 2011  2   
10 9250-999999-99999-99999168 2011  3   
10 8500-999999-99999-99999168 2011  4   
10 7000-999999-99999-99999168 1911  5   
10 5000-999999-99999-99999165 1711  6   
10 4000-999999-99999-99999160 1311  7   
*15TC15W   0 1662160179987090700 0  7   
1010000   6211-99999-99999 65 1211  2   
10 9250-999999-99999-99999 65 1311  3   
10 8500-999999-99999-99999 68 1311  4   
10 7000-999999-99999-99999 72 1211  5   
10 5000-999999-99999-99999 72 1011  6   
10 4000-999999-99999-99999 80  711  7   
*15TC15W   0 1097160179987090700 0  7   
1010000   6511-99999-99999307  611  2   
10 9250-999999-99999-99999308  711  3   
10 8500-999999-99999-99999311  711  4   
10 7000-999999-99999-99999313  611  5   
10 5000-999999-99999-99999318  311  6   
10 4000-999999-99999-99999340  111  7   
*15TC15W   0 1097165829987090700 0  7   
1010000   6511-99999-99999199 1111  2   
10 9250-999999-99999-99999200 1111  3   
10 8500-999999-99999-99999202 1111  4   
10 7000-999999-99999-99999201 1011  5   
10 5000-999999-99999-99999189  911  6   
10 4000-999999-99999-99999174  711  7   
*15TC15W   0 1662165829987090700 0  7   
1010000   6211-99999-99999126 1511  2   
10 9250-999999-99999-99999126 1611  3   
10 8500-999999-99999-99999127 1611  4   
10 7000-999999-99999-99999126 1411  5   
10 5000-999999-99999-99999127 1111  6   
10 4000-999999-99999-99999128  911  7   
*15TC15W   0 1979163009987090700 0  7   
1010000   7511-99999-99999 93 1411  2   
10 9250-999999-99999-99999 95 1511  3   
10 8500-999999-99999-99999 98 1511  4   
10 7000-999999-99999-99999 97 1311  5   
10 5000-999999-99999-99999102  811  6   
10 4000-999999-99999-99999113  511  7   
*15TC15W   0 1380157009987090700 0  7   
1010000   7411-99999-99999 17  611  2   
10 9250-999999-99999-99999 10  711  3   
10 8500-999999-99999-99999 15  711  4   
10 7000-999999-99999-99999 31  611  5   
10 5000-999999-99999-99999 37  511  6   
10 4000-999999-99999-99999 52  311  7   
*15TC15W   0  780162999987090700 0  7   
1010000   7511-99999-99999234  611  2   
10 9250-999999-99999-99999241  611  3   
10 8500-999999-99999-99999245  611  4   
10 7000-999999-99999-99999244  611  5   
10 5000-999999-99999-99999213  411  6   
10 4000-999999-99999-99999186  311  7   
*15TC15W   0 1379169009987090700 0  7   
1010000   7411-99999-99999155 1011  2   
10 9250-999999-99999-99999156 1111  3   
10 8500-999999-99999-99999158 1011  4   
10 7000-999999-99999-99999159  911  5   
10 5000-999999-99999-99999150  711  6   
10 4000-999999-99999-99999141  611  7   
