1987090700 04L 030 1009  21.3 320.0  -99  -99 327.0 08.87 -04.78 007.46
1987090700 01L 030 1009  21.3 310.0  -99  040 327.0 08.87 -04.78 007.46
1987090700 13W 065 9999  20.0 140.0  030  090 342.0 00.81 -00.24 000.77
1987090700 14W 065 9999  17.5 120.3  030  090 327.0 01.83 -00.97 001.54
1987090700 15W 080 9999  15.0 160.0  050  120 304.0 04.55 -03.74 002.57
1987090700 99S 080 1001 -20.0 090.0  050  120 327.0 08.87 -04.78 007.46
1987090700 13W 065 9999  40.0 140.0  060  180 342.0 00.81 -00.24 000.77
1987090700 14W 065 9999  37.5 120.0  060  180 327.0 01.83 -00.97 001.54
1987090700 15W 080 9999  35.0 160.0  100  240 304.0 04.55 -03.74 002.57
1987090700 13W 065 9999  60.0 140.0  -99  -99 342.0 00.81 -00.24 000.77
1987090700 14W 065 9999  67.5 120.0  -99  -99 327.0 01.83 -00.97 001.54
1987090700 15W 080 9999  65.0 160.0  -99  -99 304.0 04.55 -03.74 002.57
