*15TC04L   0 213032000 0         0  7   
1010000-999999-99999-99999147  411  2   
10 9250-999999-99999-99999147  411  3   
10 8500-999999-99999-99999147  411  4   
10 7000-999999-99999-99999147  411  5   
10 5000-999999-99999-99999147  411  6   
10 4000-999999-99999-99999147  411  7   
*15TC04L   0 233032000 0         0  7   
1010000-999999-99999-99999 89 1311  2   
10 9250-999999-99999-99999 97 1411  3   
10 8500-999999-99999-99999105 1411  4   
10 7000-999999-99999-99999105 1411  5   
10 5000-999999-99999-99999107 1311  6   
10 4000-999999-99999-99999110 1011  7   
*15TC04L   0 213031800 0         0  7   
1010000-999999-99999-99999347  811  2   
10 9250-999999-99999-99999  1  811  3   
10 8500-999999-99999-99999 15  911  4   
10 7000-999999-99999-99999 16  811  5   
10 5000-999999-99999-99999 19  711  6   
10 4000-999999-99999-99999 29  411  7   
*15TC04L   0 192932000 0         0  7   
1010000-999999-99999-99999227 1111  2   
10 9250-999999-99999-99999237 1011  3   
10 8500-999999-99999-99999247 1011  4   
10 7000-999999-99999-99999246  911  5   
10 5000-999999-99999-99999243  811  6   
10 4000-999999-99999-99999233  611  7   
*15TC04L   0 212932200 0         0  7   
1010000-999999-99999-99999156 1711  2   
10 9250-999999-99999-99999164 1611  3   
10 8500-999999-99999-99999171 1611  4   
10 7000-999999-99999-99999171 1511  5   
10 5000-999999-99999-99999170 1411  6   
10 4000-999999-99999-99999168 1211  7   
*15TC01L   0 213031000 0         0  7   
1010000-999999-99999-99999147  411  2   
10 9250-999999-99999-99999147  411  3   
10 8500-999999-99999-99999147  411  4   
10 7000-999999-99999-99999147  411  5   
10 5000-999999-99999-99999147  411  6   
10 4000-999999-99999-99999147  411  7   
*15TC01L   0 233031000 0         0  7   
1010000-999999-99999-99999103  811  2   
10 9250-999999-99999-99999109  811  3   
10 8500-999999-99999-99999115  911  4   
10 7000-999999-99999-99999115  811  5   
10 5000-999999-99999-99999117  811  6   
10 4000-999999-99999-99999121  711  7   
*15TC01L   0 213030800 0         0  7   
1010000-999999-99999-99999 10  111  2   
10 9250-999999-99999-99999 32  211  3   
10 8500-999999-99999-99999 47  311  4   
10 7000-999999-99999-99999 51  311  5   
10 5000-999999-99999-99999 61  211  6   
10 4000-999999-99999-99999 86  211  7   
*15TC01L   0 192931000 0         0  7   
1010000-999999-99999-99999206  611  2   
10 9250-999999-99999-99999213  511  3   
10 8500-999999-99999-99999220  511  4   
10 7000-999999-99999-99999217  411  5   
10 5000-999999-99999-99999212  411  6   
10 4000-999999-99999-99999198  411  7   
*15TC01L   0 212931200 0         0  7   
1010000-999999-99999-99999154 1011  2   
10 9250-999999-99999-99999160 1011  3   
10 8500-999999-99999-99999166 1011  4   
10 7000-999999-99999-99999165  911  5   
10 5000-999999-99999-99999164  911  6   
10 4000-999999-99999-99999162  811  7   
*15TC15W   0 200011000 0         0  7   
1010000-999999-99999-99999124  211  2   
10 9250-999999-99999-99999124  211  3   
10 8500-999999-99999-99999124  211  4   
10 7000-999999-99999-99999124  211  5   
10 5000-999999-99999-99999124  211  6   
10 4000-999999-99999-99999124  211  7   
*15TC15W   0 220011000 0         0  7   
1010000-999999-99999-99999 75 1911  2   
10 9250-999999-99999-99999 84 2011  3   
10 8500-999999-99999-99999 93 2011  4   
10 7000-999999-99999-99999 93 1911  5   
10 5000-999999-99999-99999 94 1711  6   
10 4000-999999-99999-99999 95 1311  7   
*15TC15W   0 200010800 0         0  7   
1010000-999999-99999-99999344 1711  2   
10 9250-999999-99999-99999355 1711  3   
10 8500-999999-99999-99999  6 1811  4   
10 7000-999999-99999-99999  6 1711  5   
10 5000-999999-99999-99999  7 1511  6   
10 4000-999999-99999-99999  9 1111  7   
*15TC15W   0 180010999 0         0  7   
1010000-999999-99999-99999243 1711  2   
10 9250-999999-99999-99999254 1611  3   
10 8500-999999-99999-99999265 1611  4   
10 7000-999999-99999-99999265 1511  5   
10 5000-999999-99999-99999264 1311  6   
10 4000-999999-99999-99999262 1011  7   
*15TC15W   0 199911200 0         0  7   
1010000-999999-99999-99999156 2111  2   
10 9250-999999-99999-99999165 2111  3   
10 8500-999999-99999-99999174 2011  4   
10 7000-999999-99999-99999174 1911  5   
10 5000-999999-99999-99999173 1711  6   
10 4000-999999-99999-99999172 1411  7   
*15TC15W   0 200014000 0         0  7   
1010000-999999-99999-99999124  211  2   
10 9250-999999-99999-99999124  211  3   
10 8500-999999-99999-99999124  211  4   
10 7000-999999-99999-99999124  211  5   
10 5000-999999-99999-99999124  211  6   
10 4000-999999-99999-99999124  211  7   
*15TC15W   0 220014000 0         0  7   
1010000-999999-99999-99999 74 2711  2   
10 9250-999999-99999-99999 83 2711  3   
10 8500-999999-99999-99999 92 2711  4   
10 7000-999999-99999-99999 92 2611  5   
10 5000-999999-99999-99999 93 2311  6   
10 4000-999999-99999-99999 94 1811  7   
*15TC15W   0 200013800 0         0  7   
1010000-999999-99999-99999343 2511  2   
10 9250-999999-99999-99999353 2511  3   
10 8500-999999-99999-99999  4 2511  4   
10 7000-999999-99999-99999  4 2411  5   
10 5000-999999-99999-99999  5 2111  6   
10 4000-999999-99999-99999  6 1611  7   
*15TC15W   0 180014000 0         0  7   
1010000-999999-99999-99999245 2411  2   
10 9250-999999-99999-99999256 2411  3   
10 8500-999999-99999-99999266 2311  4   
10 7000-999999-99999-99999266 2211  5   
10 5000-999999-99999-99999266 1911  6   
10 4000-999999-99999-99999264 1411  7   
*15TC15W   0 199914200 0         0  7   
1010000-999999-99999-99999157 2811  2   
10 9250-999999-99999-99999166 2811  3   
10 8500-999999-99999-99999176 2811  4   
10 7000-999999-99999-99999175 2711  5   
10 5000-999999-99999-99999175 2411  6   
10 4000-999999-99999-99999174 1811  7   
*15TC15W   0 200017000 0         0  7   
1010000-999999-99999-99999124  211  2   
10 9250-999999-99999-99999124  211  3   
10 8500-999999-99999-99999124  211  4   
10 7000-999999-99999-99999124  211  5   
10 5000-999999-99999-99999124  211  6   
10 4000-999999-99999-99999124  211  7   
*15TC15W   0 220017000 0         0  7   
1010000-999999-99999-99999 72 5211  2   
10 9250-999999-99999-99999 81 5211  3   
10 8500-999999-99999-99999 91 5311  4   
10 7000-999999-99999-99999 91 5011  5   
10 5000-999999-99999-99999 91 4511  6   
10 4000-999999-99999-99999 92 3511  7   
*15TC15W   0 200016800 0         0  7   
1010000-999999-99999-99999341 5211  2   
10 9250-999999-99999-99999351 5211  3   
10 8500-999999-99999-99999  2 5211  4   
10 7000-999999-99999-99999  2 5011  5   
10 5000-999999-99999-99999  2 4411  6   
10 4000-999999-99999-99999  3 3311  7   
*15TC15W   0 180017000 0         0  7   
1010000-999999-99999-99999247 4911  2   
10 9250-999999-99999-99999258 4911  3   
10 8500-999999-99999-99999268 4911  4   
10 7000-999999-99999-99999268 4611  5   
10 5000-999999-99999-99999268 4111  6   
10 4000-999999-99999-99999267 3111  7   
*15TC15W   0 199917200 0         0  7   
1010000-999999-99999-99999158 5511  2   
10 9250-999999-99999-99999168 5511  3   
10 8500-999999-99999-99999178 5511  4   
10 7000-999999-99999-99999177 5211  5   
10 5000-999999-99999-99999177 4711  6   
10 4000-999999-99999-99999176 3611  7   
*15TC15W   0 400011000 0         0  7   
1010000-999999-99999-99999124  211  2   
10 9250-999999-99999-99999124  211  3   
10 8500-999999-99999-99999124  211  4   
10 7000-999999-99999-99999124  211  5   
10 5000-999999-99999-99999124  211  6   
10 4000-999999-99999-99999124  211  7   
*15TC15W   0 420011000 0         0  7   
1010000-999999-99999-99999 76 1511  2   
10 9250-999999-99999-99999 85 1611  3   
10 8500-999999-99999-99999 94 1611  4   
10 7000-999999-99999-99999 94 1511  5   
10 5000-999999-99999-99999 95 1411  6   
10 4000-999999-99999-99999 96 1111  7   
*15TC15W   0 400010800 0         0  7   
1010000-999999-99999-99999344 1611  2   
10 9250-999999-99999-99999355 1611  3   
10 8500-999999-99999-99999  6 1611  4   
10 7000-999999-99999-99999  6 1511  5   
10 5000-999999-99999-99999  7 1411  6   
10 4000-999999-99999-99999 10 1011  7   
*15TC15W   0 380010999 0         0  7   
1010000-999999-99999-99999241 1311  2   
10 9250-999999-99999-99999252 1211  3   
10 8500-999999-99999-99999263 1211  4   
10 7000-999999-99999-99999263 1111  5   
10 5000-999999-99999-99999262 1011  6   
10 4000-999999-99999-99999259  711  7   
*15TC15W   0 399911200 0         0  7   
1010000-999999-99999-99999156 1911  2   
10 9250-999999-99999-99999165 1911  3   
10 8500-999999-99999-99999174 1911  4   
10 7000-999999-99999-99999174 1811  5   
10 5000-999999-99999-99999173 1611  6   
10 4000-999999-99999-99999171 1311  7   
*15TC15W   0 400014000 0         0  7   
1010000-999999-99999-99999124  211  2   
10 9250-999999-99999-99999124  211  3   
10 8500-999999-99999-99999124  211  4   
10 7000-999999-99999-99999124  211  5   
10 5000-999999-99999-99999124  211  6   
10 4000-999999-99999-99999124  211  7   
*15TC15W   0 420014000 0         0  7   
1010000-999999-99999-99999 74 2211  2   
10 9250-999999-99999-99999 84 2211  3   
10 8500-999999-99999-99999 93 2211  4   
10 7000-999999-99999-99999 93 2111  5   
10 5000-999999-99999-99999 93 1911  6   
10 4000-999999-99999-99999 94 1511  7   
*15TC15W   0 400013800 0         0  7   
1010000-999999-99999-99999343 2311  2   
10 9250-999999-99999-99999354 2311  3   
10 8500-999999-99999-99999  4 2411  4   
10 7000-999999-99999-99999  4 2211  5   
10 5000-999999-99999-99999  5 2011  6   
10 4000-999999-99999-99999  7 1511  7   
*15TC15W   0 380014000 0         0  7   
1010000-999999-99999-99999244 1911  2   
10 9250-999999-99999-99999255 1811  3   
10 8500-999999-99999-99999265 1811  4   
10 7000-999999-99999-99999265 1711  5   
10 5000-999999-99999-99999265 1511  6   
10 4000-999999-99999-99999263 1111  7   
*15TC15W   0 399914200 0         0  7   
1010000-999999-99999-99999157 2711  2   
10 9250-999999-99999-99999166 2611  3   
10 8500-999999-99999-99999175 2611  4   
10 7000-999999-99999-99999175 2511  5   
10 5000-999999-99999-99999175 2211  6   
10 4000-999999-99999-99999173 1711  7   
*15TC15W   0 400017000 0         0  7   
1010000-999999-99999-99999124  211  2   
10 9250-999999-99999-99999124  211  3   
10 8500-999999-99999-99999124  211  4   
10 7000-999999-99999-99999124  211  5   
10 5000-999999-99999-99999124  211  6   
10 4000-999999-99999-99999124  211  7   
*15TC15W   0 420017000 0         0  7   
1010000-999999-99999-99999 73 3211  2   
10 9250-999999-99999-99999 82 3311  3   
10 8500-999999-99999-99999 92 3311  4   
10 7000-999999-99999-99999 92 3111  5   
10 5000-999999-99999-99999 92 2811  6   
10 4000-999999-99999-99999 93 2211  7   
*15TC15W   0 400016800 0         0  7   
1010000-999999-99999-99999342 3811  2   
10 9250-999999-99999-99999352 3811  3   
10 8500-999999-99999-99999  2 3811  4   
10 7000-999999-99999-99999  3 3611  5   
10 5000-999999-99999-99999  3 3211  6   
10 4000-999999-99999-99999  4 2411  7   
*15TC15W   0 380017000 0         0  7   
1010000-999999-99999-99999246 3011  2   
10 9250-999999-99999-99999256 2911  3   
10 8500-999999-99999-99999267 2911  4   
10 7000-999999-99999-99999267 2711  5   
10 5000-999999-99999-99999266 2411  6   
10 4000-999999-99999-99999265 1811  7   
*15TC15W   0 399917200 0         0  7   
1010000-999999-99999-99999158 4111  2   
10 9250-999999-99999-99999167 4111  3   
10 8500-999999-99999-99999177 4111  4   
10 7000-999999-99999-99999177 3911  5   
10 5000-999999-99999-99999176 3511  6   
10 4000-999999-99999-99999175 2711  7   
*15TC00    0    0    0 0         0  7   
1010000-999999-99999-99999270  011  2   
10 9250-999999-99999-99999270  011  3   
10 8500-999999-99999-99999270  011  4   
10 7000-999999-99999-99999270  011  5   
10 5000-999999-99999-99999270  011  6   
10 4000-999999-99999-99999270  011  7   
*15TC00    0  200    0 0         0  7   
1010000-999999-99999-99999270  011  2   
10 9250-999999-99999-99999270  011  3   
10 8500-999999-99999-99999270  011  4   
10 7000-999999-99999-99999270  011  5   
10 5000-999999-99999-99999270  011  6   
10 4000-999999-99999-99999270  011  7   
*15TC00    0    0 -200 0         0  7   
1010000-999999-99999-99999270  011  2   
10 9250-999999-99999-99999270  011  3   
10 8500-999999-99999-99999270  011  4   
10 7000-999999-99999-99999270  011  5   
10 5000-999999-99999-99999270  011  6   
10 4000-999999-99999-99999270  011  7   
*15TC00    0 -200    0 0         0  7   
1010000-999999-99999-99999270  011  2   
10 9250-999999-99999-99999270  011  3   
10 8500-999999-99999-99999270  011  4   
10 7000-999999-99999-99999270  011  5   
10 5000-999999-99999-99999270  011  6   
10 4000-999999-99999-99999270  011  7   
*15TC00    0    0  200 0         0  7   
1010000-999999-99999-99999270  011  2   
10 9250-999999-99999-99999270  011  3   
10 8500-999999-99999-99999270  011  4   
10 7000-999999-99999-99999270  011  5   
10 5000-999999-99999-99999270  011  6   
10 4000-999999-99999-99999270  011  7   
