               *   TGFS    2016011906   *
               *   SH07    VICTOR       *
                                                                                                                                
                ------------------------------------------------------     STORM DATA     --------------------------------------
NTIME 019
TIME        (HR)     0     6    12    18    24    30    36    42    48    60    72    84    96   108   120   132   144   156   168 
LATITUDE   (DEG) -20.8 -21.0 -21.1 -21.5 -21.7 -21.8 -21.9 -22.0 -22.1 -22.4 -23.3 -24.5 -26.6 -28.5 -31.3 -31.5 -32.3 -33.3 -34.7 
LONGITUDE  (DEG) 193.0 192.4 192.0 191.5 191.2 190.7 190.4 190.0 189.7 188.7 187.6 186.5 186.9 187.8 188.3 187.9 188.2 188.0 187.6 
MAX WIND    (KT)    65    63    65    59    62    58    64    65    68    68    53    45    53    50    48    50    40    28    28 
RMW         (KM)   107   116   104   111    98    98    93    85    90    84   120   177   161   168   187   166   164   213   184 
MIN SLP     (MB)   977   978   980   981   982   983   984   984   985   988   991   994   993   992   990   992   996  1001  1003 
SHR MAG     (KT)    11    14    16    14    16    18    21    23    25    27    33    47    55    60    38    18    39    40    31 
SHR DIR    (DEG)    74    81    74    72    79    71    66    63    65    62    89    94   115   124   137    43    54    80    97 
STM SPD     (KT)     6     4     6     3     5     3     4     3     5     7     8    11    10    14     2     4     5     7     7 
STM HDG    (DEG)   250   255   229   234   258   250   255   250   252   228   220   170   157   171   240   162   190   193   193 
SST        (10C)  9999  9999  9999  9999  9999  9999  9999  9999  9999  9999  9999  9999  9999  9999  9999  9999  9999  9999  9999 
OHC     (KJ/CM2)  9999  9999  9999  9999  9999  9999  9999  9999  9999  9999  9999  9999  9999  9999  9999  9999  9999  9999  9999 
TPW         (MM)    75    75    74    74    73    72    71    69    67    63    59    58    49    48    51    46    40    40    42 
LAND        (KM)   908   892   881   898   906   899   900   901   905   924  1024  1168  1395  1600  1434  1403  1324  1212  1052 
850TANG  (10M/S)  -260  -251  -245  -243  -241  -234  -232  -227  -222  -209  -186  -161  -168  -182  -189  -172  -150  -120  -108 
850VORT     (/S)  -187  -183  -173  -163  -159  -155  -142  -137  -126  -112  -114  -109  -112  -122  -115  -134  -141  -123  -105 
200DVRG     (/S)    77    57    35    33    51    47    32    32    16    32    42    71   152   104    10    40    31    12    13 
                                                                                                                                
                ------------------------------------------------------     CUSTOM DATA     -------------------------------------
NVAR 018 
TIME        (HR)     0     6    12    18    24    30    36    42    48    60    72    84    96   108   120   132   144   156   168 
ADECK  VMAX (KT)    66    64    67    60    63    59    66    66    69    70    54    45    55    53    49    50    41    29    29 
DIAG   VMAX (KT)    65    63    65    59    62    58    64    65    68    68    53    45    53    50    48    50    40    28    28 
ADECK  PMIN (MB)   977   978   980   981   982   983   984   984   985   988   991   994   993   992   990   992   996  1001  1003 
DIAG   PMIN (MB)   977   978   980   981   982   983   984   984   985   988   991   994   993   992   990   992   996  1001  1003 
SSTANOM    (10C)  9999  9999  9999  9999  9999  9999  9999  9999  9999  9999  9999  9999  9999  9999  9999  9999  9999  9999  9999 
PRECIP    (MM/D)    31    32    30    29    30    28    29    28    25    26    20    28    49    38    26    12     5     5     5 
PR  ASYM/TOT (%)   -48   -70   -66   -74   -86   -89   -87   -89   -93   -84   -83   -73   -72   -87   -70     9    23   -30   -54 
TOTSHR MAG  (KT)    34    39    41    42    40    40    45    48    44    51    52    64    68    70    50    34    45    51    37 
SHR/TOTSHR   (%)    31    37    39    33    40    46    48    48    56    52    64    74    82    86    76    53    88    79    86 
SHR ASYM/TOT (%)   -12    -8   -18   -15   -14   -20   -18   -20   -20   -18   -20   -37   -28   -13    -3    -7   -25   -16     1 
CPS  B(AROCLINC)     7     9    10    10    11    12    13    19    20    23    24    28    44    41   -12    -9    14    20    18 
CPS   VTHERM(LO)   217   233   224   207   199   193   222   227   195   248   299   220   159   133   157   114   153   140   101 
CPS   VTHERM(HI)   176   178   176   183   179   190   223   202   173   155    43  -102   -71   -57    10    11  -100   -92   -95 
POCI        (MB)  9999  9999  9999  9999  9999  9999  9999  9999  9999  9999  9999  9999  1006  1008  1012  1010  1008  1008  1008 
ROCI        (KM)  9999  9999  9999  9999  9999  9999  9999  9999  9999  9999  9999  9999   406   414   456   497   483   379   365 
R34mean     (KM)   340   347   326   312   314   300   303   273   268   262   230  9999   139   260   307  9999  9999  9999  9999 
R50mean     (KM)   168   163   149   137   125   103  9999   104   109  9999  9999  9999  9999  9999  9999  9999  9999  9999  9999 
R64mean     (KM)  9999  9999  9999  9999  9999  9999  9999  9999  9999  9999  9999  9999  9999  9999  9999  9999  9999  9999  9999 
                                                                                                                                
                ------------------------------------------------------     SOUNDING DATA     -----------------------------------
NLEVS 012  SURF 1000 0925 0850 0700 0500 0400 0300 0250 0200 0150 0100 
TIME        (HR)     0     6    12    18    24    30    36    42    48    60    72    84    96   108   120   132   144   156   168 
T_SURF     (10C)   265   263   264   264   264   263   262   263   263   261   260   254   245   234   220   218   216   211   206 
R_SURF       (%)  9999  9999  9999  9999  9999  9999  9999  9999  9999  9999  9999  9999  9999  9999  9999  9999  9999  9999  9999 
P_SURF      (MB)  1004  1005  1006  1006  1006  1007  1007  1007  1007  1008  1008  1008  1008  1009  1010  1010  1010  1012  1012 
U_SURF      (KT)   -85   -83   -70   -74   -88   -88   -84   -86  -106  -112  -126  -105  -108   -85   -67    11   -13   -39   -43 
V_SURF      (KT)     7    -5   -11     1    11    -2    -5   -11    -7   -19     1    -5    20    16    38     1    -6   -23   -23 
T_1000     (10C)   262   260   260   260   259   258   258   258   258   255   254   248   238   226   212   210   209   203   198 
R_1000       (%)    80    80    81    81    82    82    82    82    82    82    81    81    80    77    79    80    83    85    88 
Z_1000      (DM)     4     4     5     6     5     6     6     6     6     7     7     7     7     8     9     8     9    10    10 
U_1000    (10KT)   -95   -94   -81   -86  -103  -103   -99  -101  -124  -132  -147  -123  -124   -99   -81    10   -20   -51   -57 
V_1000    (10KT)     6    -7   -15     0    10    -3    -8   -14   -10   -24    -2    -8    21    17    39    -2   -12   -36   -36 
T_0925     (10C)   204   202   203   204   205   204   203   204   204   201   199   193   183   168   157   156   160   157   158 
R_0925       (%)    94    95    95    94    95    94    95    95    94    95    93    94    92    93    91    92    92    94    92 
Z_0925      (DM)    72    73    73    74    74    74    74    74    74    75    75    75    75    76    76    75    76    77    77 
U_0925    (10KT)  -131  -135  -116  -121  -143  -148  -139  -142  -173  -185  -194  -149  -147  -113  -100    11   -17   -48   -40 
V_0925    (10KT)    -2   -21   -31   -16     2   -16   -25   -34   -22   -48   -20   -31    10    -1    16   -32   -44   -83   -79 
T_0850     (10C)   177   176   175   176   178   176   173   176   177   173   172   161   153   135   124   130   134   127   126 
R_0850       (%)    85    87    88    86    85    85    85    82    82    83    83    87    80    83    79    75    75    82    83 
Z_0850      (DM)   145   145   146   147   147   147   147   147   147   148   148   148   147   147   147   147   147   148   149 
U_0850    (10KT)  -141  -145  -119  -125  -143  -156  -139  -131  -152  -165  -155  -117  -109   -74   -82    18   -10   -30   -22 
V_0850    (10KT)   -53   -78   -82   -71   -49   -72   -80  -100   -80  -110   -82   -70    -7   -27   -23   -40   -47   -82   -73 
T_0700     (10C)   103   100    99   102   104   104   103   105   105    99    98    89    83    74    71    66    70    64    61 
R_0700       (%)    74    75    75    72    69    68    68    66    64    68    69    72    65    60    52    55    54    55    59 
Z_0700      (DM)   309   310   310   311   311   311   311   311   312   312   312   311   310   309   309   309   309   310   310 
U_0700    (10KT)   -51   -57   -41   -53   -64   -73   -78   -60   -64   -69   -55   -18   -10    27   -16    39    25    -8    16 
V_0700    (10KT)  -110  -105   -88   -82   -52   -62   -79   -98   -74   -86   -71   -93   -56   -79   -94   -34   -47   -56   -67 
T_0500     (10C)   -23   -20   -18   -16   -17   -15   -13   -14   -15   -24   -33   -46   -59   -74   -80   -78   -68   -74   -83 
R_0500       (%)    45    39    36    36    35    32    29    29    28    32    43    53    53    53    49    37    44    47    55 
Z_0500      (DM)   583   583   584   585   585   585   585   586   586   585   585   583   581   579   578   577   579   579   579 
U_0500    (10KT)    18   -15   -30   -18    -2    15    35    40    38    46    71   106   196   160    46    55    65   103   109 
V_0500    (10KT)   -23    17    13    -8    13     3    30    22    38     1   -24  -123  -135  -150  -109   -22    30    -8   -82 
T_0400     (10C)  -119  -122  -122  -123  -127  -130  -132  -133  -132  -134  -141  -148  -158  -175  -185  -184  -174  -185  -192 
R_0400       (%)    34    28    25    25    24    24    24    24    23    22    28    46    47    48    43    38    45    46    51 
Z_0400      (DM)   757   758   758   759   759   759   759   760   760   759   758   755   752   749   748   747   749   749   748 
U_0400    (10KT)    56    60    55    44    64    93   111   123   136   141   167   224   286   220   101    61   137   187   170 
V_0400    (10KT)    41    71    89    74    79    65    87    78   106    97     9  -115  -190  -169  -137    23    86     6   -97 
T_0300     (10C)  -265  -270  -271  -270  -275  -277  -280  -280  -281  -285  -289  -296  -300  -322  -333  -339  -334  -344  -351 
R_0300       (%)    56    50    43    39    35    36    38    40    39    39    45    48    47    47    46    44    45    48    66 
Z_0300      (DM)   971   971   972   972   972   972   972   972   972   971   969   967   963   959   956   956   958   957   955 
U_0300    (10KT)    58    84   125   149   164   145   117   131   165   206   295   366   381   346   126    82   215   275   228 
V_0300    (10KT)    30    23    47    33    27    33    84    89   100   113    40  -139  -245  -243  -159   123   151     8  -101 
T_0250     (10C)  -358  -363  -366  -362  -363  -368  -372  -371  -374  -378  -379  -389  -395  -415  -424  -436  -436  -446  -453 
R_0250       (%)    70    70    65    53    47    48    48    49    48    44    45    44    44    45    52    48    50    55    77 
Z_0250      (DM)  1100  1100  1100  1101  1101  1101  1100  1101  1101  1099  1097  1094  1091  1085  1081  1081  1083  1082  1080 
U_0250    (10KT)    11    30    65    87   110    87    91   124   149   124   254   382   400   365   121   112   266   323   255 
V_0250    (10KT)    19    -2     9    -1    -5    15    35    44    84    88    14   -98  -246  -302  -202   125   165     7   -97 
T_0200     (10C)  -478  -484  -487  -482  -482  -486  -488  -484  -488  -498  -498  -501  -503  -514  -520  -540  -551  -556  -561 
R_0200       (%)    88    88    79    65    64    67    65    63    63    57    61    44    39    33    44    48    63    58    68 
Z_0200      (DM)  1252  1251  1251  1252  1252  1251  1251  1251  1251  1249  1247  1244  1240  1233  1229  1227  1229  1227  1225 
U_0200    (10KT)   -40    -3    35     9    17    18    56    72    75    70   176   354   392   430   174   141   310   365   289 
V_0200    (10KT)   -24   -55   -37   -26   -17   -12     9     1    24    14   -73  -104  -245  -361  -301    90   183   -13  -109 
T_0150     (10C)  -630  -633  -636  -631  -627  -633  -635  -632  -631  -639  -630  -631  -623  -608  -606  -618  -638  -642  -633 
R_0150       (%)    98    94    92    86    84    86    84    85    82    84    79    57    34    17    17    30    44    40    30 
Z_0150      (DM)  1435  1434  1434  1435  1435  1434  1433  1434  1434  1431  1429  1426  1422  1416  1411  1408  1409  1406  1404 
U_0150    (10KT)   -11    14     7   -38   -68   -20    34    37    -2    24    51   328   415   453   310   159   274   349   264 
V_0150    (10KT)   -46   -63   -29   -18   -31   -39   -39   -44   -38   -47  -169  -134  -233  -373  -358   -49   139   -19   -93 
T_0100     (10C)  -812  -813  -809  -806  -809  -805  -802  -802  -804  -797  -790  -768  -749  -721  -692  -675  -672  -669  -659 
R_0100       (%)    96    97    97    96    97    94    92    96    98    91    87    69    56    33    18    11    11    10     8 
Z_0100      (DM)  1673  1671  1671  1673  1673  1672  1671  1673  1672  1669  1669  1666  1664  1660  1658  1655  1655  1652  1651 
U_0100    (10KT)   -57   -53  -121  -122   -78   -21   -17   -36   -31   -30    79   193   253   242   183   137   150   173   166 
V_0100    (10KT)   -27   -19    16   -48   -84   -81   -45   -37   -21   -82  -118   -83  -171  -185  -178  -109   -37    -8   -88 
