1234567890123456789012345678901234567890123456789012345678901234567890
NSCAT-Program name      rdHDF20c
NSCAT-Level             2.0
NSCAT-Version           0.96
NSCAT Level 2.0 HDF data file: /usr1/nakazawa/nscat/data/L20/S3/S2000521.HDF
Processing NSCAT data...
Rec = 000,   Time = 1996-266T15:29:26.662   ,   Lat = -90.00,   Lon =000.00
        Col  12  34  56  78  nAmb   Lat      Lon      Speed    Dir
         21   2   1   1   1   02   -61.25   159.47    17.50   008.36
         23   1   2   2   3   03   -60.79   161.13    23.30   016.56
Rec = 001,   Time = 1996-266T15:29:26.662   ,   Lat = -90.00,   Lon =000.00
        Col  12  34  56  78  nAmb   Lat      Lon      Speed    Dir
         20   3   1   2   2   02   -61.07   158.12    15.68   016.84
         21   4   4   3   4   02   -60.87   158.98    17.27   013.88
         22   4   4   4   4   02   -60.64   159.79    19.88   003.82
         23   4   4   4   4   03   -60.41   160.65    23.26   011.66
Rec = 002,   Time = 1996-266T15:29:26.662   ,   Lat = -90.00,   Lon =000.00
        Col  12  34  56  78  nAmb   Lat      Lon      Speed    Dir
         19   1   1   3   2   02   -60.88   156.84    13.41   022.63
         20   3   3   4   4   02   -60.69   157.66    13.19   014.04
         21   4   4   4   4   02   -60.49   158.53    16.33   010.19
         22   4   4   4   4   02   -60.25   159.34    19.56   007.00
         23   4   4   4   4   02   -60.04   160.19    23.22   011.23
Rec = 003,   Time = 1996-266T15:29:26.662   ,   Lat = -90.00,   Lon =000.00
        Col  12  34  56  78  nAmb   Lat      Lon      Speed    Dir
         18   3   3   3   4   02   -60.71   155.59    15.59   007.88
         19   4   3   4   4   02   -60.50   156.38    14.23   014.65
         20   4   4   4   4   02   -60.30   157.22    13.04   015.08
         21   4   4   4   4   02   -60.10   158.08    14.04   007.32
         22   4   4   4   4   02   -59.87   158.89    18.23   359.41
         23   4   5   4   4   03   -59.64   159.73    22.51   008.24
Rec = 004,   Time = 1996-266T15:29:26.662   ,   Lat = -90.00,   Lon =000.00
        Col  12  34  56  78  nAmb   Lat      Lon      Speed    Dir
         18   4   2   4   3   02   -60.31   155.12    15.73   009.15
         19   4   4   4   4   02   -60.12   155.95    14.59   009.70
         20   4   4   4   4   02   -59.91   156.80    13.26   008.21
         21   4   4   4   4   02   -59.71   157.65    13.51   010.51
         22   4   4   4   4   02   -59.49   158.45    16.49   356.98
         23   4   4   4   4   03   -59.25   159.27    22.33   001.38
Rec = 005,   Time = 1996-266T15:29:26.662   ,   Lat = -90.00,   Lon =000.00
        Col  12  34  56  78  nAmb   Lat      Lon      Speed    Dir
         17   2   2   1   1   03   -60.12   153.91    17.69   354.56
         18   4   3   4   4   03   -59.92   154.70    17.05   356.51
         19   4   4   4   4   02   -59.73   155.54    15.31   006.60
         20   4   4   4   4   02   -59.51   156.38    13.29   006.28
         21   4   4   4   4   02   -59.33   157.22    12.50   008.70
         22   4   4   4   4   03   -59.10   158.01    13.74   354.76
         23   4   4   4   4   03   -58.87   158.82    20.97   355.36
Rec = 541,   Time = 1996-266T15:29:26.662   ,   Lat = -90.00,   Lon =000.00
        Col  12  34  56  78  nAmb   Lat      Lon      Speed    Dir
         22   4   2   2   3   04   -64.70   252.53    12.18   124.79
         23   4   4   4   4   03   -64.43   251.63    16.67   101.55
Rec = 542,   Time = 1996-266T15:29:26.662   ,   Lat = -90.00,   Lon =000.00
        Col  12  34  56  78  nAmb   Lat      Lon      Speed    Dir
         22   3   1   3   3   04   -65.05   251.89    09.61   126.50
         23   4   4   4   4   04   -64.78   250.99    16.02   117.94
Rec = 543,   Time = 1996-266T15:29:26.662   ,   Lat = -90.00,   Lon =000.00
        Col  12  34  56  78  nAmb   Lat      Lon      Speed    Dir
         23   4   2   3   2   04   -65.12   250.33    06.51   114.20
Processing complete.

NSCAT Level 2.0 HDF file:       /usr1/nakazawa/nscat/data/L20/S3/S2000521.HDF
Records processed:              544 records
Number of SDS's retrieved
   in each record:               15 SDS's
Buffer size:                     20 records
