U200 92 11 10 18  940
 -190  981  -30   16 
 -110 1540   -2   12 
 -119 1059   52  -43 
 -120 1379   72   10 
   39  901  -53   26 
   42 1860   -1  -88 
  120 1302 -108   16 
  -39 1140   -8  -32 
  -40 1459   55  -24 
  121 1462 -108  -30 
   40 1140  -22   15 
   40 1778   93   24 
  197 1780   10  139 
   40 1301  -59    2 
   37 1621  -36  127 
  119  901  -27   53 
  121 1222  -80  -52 
  118 1860   11  112 
  -40 1061  -28  -11 
  -39 1380  -14  -29 
  -40 1699   67  -20 
  -39 1539   62  -27 
  -39 1861  -36  -39 
  160 1261  -58    0 
    1 1101  -61  -37 
    1 1420   18  -27 
    0 1260    1    3 
  -81 1820   12   32 
   81 1500    7  -26 
  -79 1660   15  -74 
  160 1018  113   15 
    0 1500    0    4 
    0 1821  -67    2 
    0 1340    0    3 
   81 1582  -93  -63 
   80 1739   47   15 
  -80 1260  -10  -12 
 -117  940    7 -154 
   39 1738   76   66 
 -121 1419   28   61 
 -120 1739   72   -6 
   42 1262 -113  -88 
  118 1818   99   79 
   40 1819   29   18 
 -121 1817  163   34 
   39 1021  -51   43 
  119  940   17   31 
  -39 1583 -159  -71 
  158 1860   23   92 
    0 1380   17  -17 
 -158 1056  205 -102 
 -159 1376  189  -46 
   79 1778   97   36 
  -78  980   -1  -83 
  160  979   34    8 
 -157  977  135 -138 
   -1 1141  -54   45 
   80 1222 -114  -18 
   79 1861  -32   62 
   81 1379   37  -49 
  -81 1860    6   55 
 -138  919   61 -118 
   19 1718   89   38 
   20  920  -17   22 
   21 1240    7  -38 
   20 1558  101  -17 
  100 1322  -88   22 
   99 1160  -20   37 
  101 1482  -89  -27 
   98 1799   28  109 
  -59 1001  -31  -52 
  -57 1640    5 -125 
  180 1320  -18    4 
 -137  999   48 -145 
   20 1161  -29  -10 
   98  921  -44   82 
  -60 1080   12   -4 
   98 1721  -30   78 
  -60 1880    3  -15 
  139 1282  -96   34 
  -20 1121  -73  -24 
  -19 1439   35  -40 
  -21 1759   60   64 
  -19  960    9  -45 
  -21 1281  -31   35 
   59 1041  -49   72 
   60 1360  -12    4 
   60 1202  -84  -10 
   61 1521  -35  -29 
   59 1840   19   28 
 -100 1359   40    3 
  140 1361  -57   -6 
  -19 1201  -41  -36 
  -19 1520   20  -24 
  -19 1841  -66  -47 
   59  960  -12   40 
   61 1281  -39  -66 
  -99 1117  126  -30 
   59 1759   40   50 
  -98  960  -17  -95 
 -102 1281  -67   96 
  180 1759   30  -19 
 -140 1437  122  -16 
   18 1281  -28   78 
  102 1359   46  -95 
   98 1679   73  111 
   99 1203 -134   64 
  101 1522  -92  -36 
  -60 1040    4  -21 
 -139 1039   50  -63 
   21 1841  -32  -43 
  -61 1119   41   25 
  -59 1440    9  -27 
   98 1121  -40   75 
  -58 1602 -100 -120 
  139  918   83   57 
 -176  916  185 -218 
  -21 1080   -6   47 
  139 1402  -84   60 
  -20  923 -127   11 
   60 1000  -10  -10 
   60 1321  -27   -5 
   59 1640   14   33 
  -99 1001  -30  -69 
  141 1319   33  -35 
  -20 1160   -5   -6 
  -20 1479   33  -17 
  137 1799   71  166 
  -20 1321  -59   -6 
   60  921  -52   18 
   60 1241  -62  -19 
   60 1560    4  -19 
 -100 1720   20  -20 
   60 1082 -102   16 
  200  918   88   12 
   39 1719   65   31 
 -120 1081  -47  -21 
 -120 1719   55   11 
   39  921  -44   31 
   40 1240  -15   -2 
   41 1880   18  -57 
  119 1322  -75   70 
  117 1797  153  136 
  199  998  117   57 
 -121 1318   89   56 
 -121 1797  126   41 
   37 1640  -21  172 
  120  920   -7    9 
  120 1242 -112   -3 
  -39 1081  -53  -34 
  119 1400  -21   52 
  160 1280  -18   21 
    0 1121  -72  -23 
    0 1280  -18   23 
   79 1040    0   37 
   81 1361  -27  -74 
  -81 1840    6   42 
   79 1203 -137   60 
   81 1519   40  -29 
  -79 1039   29  -43 
  -79 1679   40  -28 
  160 1362  -74  -19 
    0 1202  -80    3 
    1 1520    8  -27 
    1 1841  -69  -67 
   81 1281  -69  -58 
   81 1601  -60  -51 
  -80 1119   66   -8 
  199 1280    0   32 
 -118  960   -9 -108 
  199 1760    7   37 
   41 1281  -73  -59 
   38 1601  -64   90 
  -40 1519   32  -11 
  119 1201  -57   49 
  -40 1040   11   11 
  -38 1361  -54  -89 
   41 1840   10  -25 
 -120 1838  119  -14 
   40 1042 -104   10 
   40 1361  -36    6 
   38 1679   71  118 
  -40 1120  -19   12 
  -40 1440    4   -3 
  -41 1759   63   29 
  120 1442  -95  -13 
  157 1878  106  136 
    0 1400   14  -22 
 -159 1075  225  -43 
    1  920  -21  -44 
   -1 1241  -43   29 
    0 1558   79   -1 
   80 1000   23   13 
   81 1321  -55  -37 
  -80 1159   56    0 
  -81 1800    7   44 
   78 1798  106   80 
  -78 1001  -48 -100 
    1 1479   46  -47 
  155 1796  178  251 
   -1 1001  -53   35 
   -1 1320  -23   37 
   82 1882 -113  -96 
   80 1718   86   19 
   19  902  -83   30 
   20 1221  -65    6 
   22 1860  -22  -90 
  -60 1139   39   15 
  -60 1459   34   -2 
  -61 1779   56   44 
  -58 1621  -29 -109 
  180 1300   -3  -22 
 -138  979   49 -102 
 -141 1460   16   52 
  100 1222  -85    0 
  -60 1060    0    7 
  -58 1380  -17  -82 
  -59 1698   84  -58 
   98 1698   94  110 
  -60 1860   17  -16 
  139  938   88   54 
  -19 1420    1  -48 
  -20 1738  122  -17 
  139 1422  -90   34 
  -20  940  -14   -3 
  -20 1260  -18   22 
   60 1181  -50   22 
   59 1817  143   69 
  -99 1660    0  -56 
  142 1339   40  -90 
  -20 1181  -62  -13 
  -20 1499   40  -19 
   60  941  -70   21 
   61 1580  -19  -42 
 -100 1739   31  -14 
  180 1261  -70  -14 
   20 1420  -18   22 
   19 1738  121   60 
  181 1739   37  -26 
 -139 1097  144  -57 
   20 1260  -24   19 
   19 1582 -104   43 
  100 1660   -9  -21 
  -61 1180  -20   41 
   99 1182  -99   66 
   99 1820   21   39 
  -57 1660   11 -133 
  181 1340  -16  -46 
 -140 1020   19  -23 
 -139 1816  205  -35 
  -60 1099   27   16 
  -59 1582 -100  -67 
  139  899   39   66 
  140 1222  -86  -22 
  137 1858   76  148 
  -20 1061  -51    9 
  -21 1699   49   43 
  -19  900   14  -55 
  -19 1540   14  -37 
   60  981  -54   24 
   61 1301  -67  -34 
   61 1461  -51  -49 
   58 1778  112   92 
 -102 1300   -9   92 
  -19 1459   26  -45 
  -21 1780   -1   49 
   59  901  -67   29 
   61 1222  -80  -40 
   60 1540   -7  -14 
 -100 1700    3   11 
   59 1061  -27   62 
  -98  900  -15  -84 
 -127  909   34 -154 
   30 1390    0   -5 
   30 1709   52    1 
 -130 1070    2  -16 
   30  911  -26   20 
  110 1312  -80    0 
  111 1472  -75  -55 
  108 1787  153  113 
 -128  990   -5 -114 
 -129 1149   65  -31 
   26 1631  -34  192 
  108  910  -21   86 
  109 1873 -131   51 
  -50 1070   -4   -5 
   -9 1430   19  -64 
  -11 1748  101   62 
  -10  951  -36    0 
  -10 1269   26   16 
   71 1033 -154  -55 
  -91 1830   25   29 
   69 1192  -84   34 
   71 1510  -10  -29 
  -89 1670   10  -73 
 -168 1026  192 -106 
  -11 1190  -16   28 
  -10 1510   21    0 
   -9 1832  -81  -34 
   71 1270  -13  -67 
   68 1590   23  104 
   69 1750   24   53 
  -87  950   -2 -129 
   28 1748   85   95 
  189 1432  -95   51 
  189 1750   -7   41 
 -131 1430   -9   46 
   29 1592 -100   38 
  111 1350   18  -46 
  -49 1350   12  -43 
  -48 1669   63 -119 
 -130 1348  104   12 
   29 1032  -96   65 
  -50 1749   70    4 
  108 1110   -5   88 
  109 1751  -43   28 
  -48 1593 -131 -100 
  148  909   68   76 
 -167  906  178 -157 
   -9 1071  -41  -33 
   -9 1389   46  -28 
 -168 1065  228  -75 
   -9  911  -38  -36 
   70  990    3   17 
   71 1311  -44  -25 
   68 1630    3  124 
  -91 1149   64   43 
  -89  989   32  -42 
  150 1311  -40  -15 
 -167  986  191 -158 
  -10 1150   -4   12 
   -9 1470   -3  -41 
  -12 1790   -7   78 
  -10 1311  -28   -5 
   71 1232  -90  -58 
   69 1070  -15   55 
  170 1253 -139  -24 
   10 1411  -27  -19 
 -149 1087  136  -49 
   12 1890  -12 -103 
   89 1009   25   32 
   91 1331  -43  -68 
  -71 1810   16   31 
   88 1807  128   89 
  -67 1650    4 -143 
 -148 1008   81 -105 
    9 1012  -84   32 
    9 1330    6   70 
   89 1892 -109   28 
  -69 1090   14  -31 
   89 1730    4   35 
  -30 1131  -43    7 
  -32 1769   36   83 
  129 1770   -6   38 
  -30  970  -19  -10 
  -30 1290   -5    8 
   50 1051  -48    1 
   50 1371  -72    0 
 -109 1849   45  -54 
   51 1212  -84  -31 
   51 1850   -4  -54 
  -30 1851  -61  -23 
  131 1212  -75  -44 
  -30 1050  -10   11 
  -30 1371  -27    1 
   49 1290   -8   47 
   51 1451  -63  -31 
   49 1768   78   67 
 -108  971  -30 -114 
 -112 1291  -56   84 
 -147  969   55 -167 
   10 1131  -63  -18 
  169 1770  -18   67 
   91 1369   57  -72 
  -70 1210  -19   24 
   90 1212 -122    4 
   88 1850   -1   83 
  -70 1050  -20  -15 
   11 1212  -96  -28 
   11 1529   45  -36 
   12 1851  -54  -88 
   90 1292  -83  -15 
  -71 1130   20   29 
  -70 1769   29   21 
   90 1131  -33   20 
  -68  969   39  -92 
  129  929   56   39 
  129 1411  -45   53 
  -29 1572  -83  -35 
   50 1010  -17    0 
   50 1490    0   -1 
 -111 1329   43   58 
  131 1329   48  -25 
  129 1809   45   70 
  -30 1331  -43    4 
   49  932  -78   53 
   51 1251  -45  -45 
 -110 1409   57    7 
 -110 1730   19    6 
   50 1092  -88  -10 
   49 1728   79   71 
 -107  931  -29 -127 
 -111 1248   82   25 
 -109 1888  116  -32 
 -127  929   29 -146 
 -129 1890   18  -32 
   29 1410    0   52 
   29  931  -29   39 
   32 1891  -28  -76 
  110 1650    9   18 
  108 1808   77   94 
  -49 1331  -63  -36 
  -47 1650   22 -142 
 -128 1009   37 -118 
 -131 1328   99   34 
   29 1810   23   39 
 -130 1807  152   21 
  109  931  -46   54 
  -50 1090   17   20 
  -50 1410    7    0 
  149  970   24   56 
 -167  967  165 -160 
   -9 1131  -64  -27 
   -9 1449   67  -62 
 -171 1770   -1   27 
   68 1051  -37   84 
   70 1212  -98   20 
   70 1850    5   12 
  -90 1690   19    6 
 -168 1046  196  -79 
  -10 1210  -14   12 
   -9 1529   44  -43 
   -9 1851  -58  -73 
   69  971  -41   40 
   71 1291  -33  -28 
   69 1609   50   60 
  -91 1129   72   34 
  -89  970    0  -71 
  190 1291  -36   19 
 -128  969   35  -77 
  189 1768  100   41 
   30 1291  -35    3 
   28 1611  -57  100 
  -50 1850   -5  -16 
  109 1212 -106   47 
  -50 1050   -9   -5 
  -49 1370  -16  -36 
  -48 1688  106 -115 
 -129 1049   37  -52 
   32 1851  -30  -87 
  186 1848   83  182 
   30 1053 -125   24 
  -51 1130    7   36 
  -50 1449   40  -13 
  -51 1769   49   63 
  107 1768  123  140 
  151 1251  -45  -24 
   -9 1890  -22  -45 
   68 1650   12   89 
  -90 1809   30   13 
   70 1171  -32   10 
   71 1491  -61  -67 
   69 1808  104   53 
  -89 1010   -5  -27 
  -89 1650   19  -69 
  148 1010   24   89 
   -9 1490   21  -37 
  147 1808   99  149 
  -10 1330    5    2 
   71 1251  -33  -37 
  -90 1729   56   23 
   70 1092  -89    9 
   69 1728  107   30 
  -90 1250   24    2 
   10 1550    1   -1 
   89 1311  -66   41 
   91 1631  -59  -43 
  -70 1149   64   17 
  -69  990   16  -65 
  170 1311  -49   -7 
 -148  988   95 -116 
   10 1151  -62   -2 
  -70 1069   37    0 
   92 1389   66  -76 
  -70 1229   37    6 
  -71 1869   73   60 
  -31 1748   79   43 
   48 1031  -40   92 
   50 1351  -40   -2 
   48 1669   28  109 
 -110 1829   68   13 
   50 1191  -57  -16 
 -109 1031  -46  -57 
  133 1348   75 -132 
  -30 1509   45  -10 
   51 1271  -49  -64 
   51 1591  -33  -32 
 -110 1428   79  -12 
   49 1749   51   61 
 -108  949   44 -119 
  170 1270  -20    1 
   11 1110  -23  -25 
   11 1429   49  -24 
    9 1749   36   59 
   11 1271  -71  -30 
   88 1670   14  105 
  -71 1830    3   46 
   88 1192 -116   87 
   91 1510  -11  -65 
  -69 1030   11  -43 
  170 1352 -107  -12 
 -150 1347  143  -13 
   10 1510   13  -12 
   10 1830  -21  -10 
   91 1589   63  -71 
  -70 1109   32    5 
  -69 1592  -90  -58 
  129  910   -1   55 
  129 1232  -82   33 
  130 1870  -22   -3 
 -186  905  227 -214 
 -189 1867  139  -64 
  -30 1071  -28    9 
  -29 1707  131  -38 
  -29  910   22  -68 
  -29 1549   57  -31 
  -28 1871  -30 -102 
   49  991  -54   26 
   50 1311  -27   -5 
 -109 1150   -4  -55 
 -111 1788   76   48 
   51 1471  -63  -29 
   49 1788   81   48 
 -109  990  -10  -49 
 -111 1309   45   40 
  -31 1150  -11   26 
  -29 1469   57  -44 
   49  911  -68   36 
   50 1231  -50  -22 
   50 1551  -39  -17 
 -110 1070    6   22 
 -110 1389   30   14 
 -110 1710   18   13 
   49 1708  100   39 
 -107  910  -10 -152 
  199  909   28   50 
 -117  909   31 -146 
 -120 1870   18  -16 
   39 1708  111   50 
 -120 1709   33  -18 
   39  911  -40   45 
   41 1230  -21  -32 
  120 1312  -73   -4 
  -40 1150   19    2 
  -40 1470   16  -13 
  121 1472  -75  -50 
  199 1309   31   36 
   41 1471  -74  -39 
   38 1789   35   82 
 -119 1149   49  -46 
   37 1631  -38  169 
  118  910  -17   80 
  120 1232  -86   10 
  -40 1070   -7   -2 
  -40 1390    4  -19 
  160 1270  -23   -2 
    0 1430   -1   -3 
   -1 1749   59   45 
   78 1670    3   81 
  -80 1830   -2   15 
   79 1192 -100   31 
   80 1510   12   -9 
  -80 1029   33  -18 
  -79 1669   38  -57 
 -160 1349   64   -4 
    0 1510   12  -14 
    0 1832  -79   -2 
  158 1828   83  116 
    0 1351  -26  -24 
   81 1590  -17  -28 
  -80 1109   25   -9 
   79 1750   13   50 
 -117  950   14 -154 
   39 1749   61   63 
  200 1752  -74    6 
  119 1669   44   44 
  -40 1509   59  -11 
 -118 1029   27  -78 
 -120 1828  108   15 
   39 1031  -50   45 
  -41 1430   -6   45 
  -40 1749   69    5 
  119 1750    9   58 
  -39 1592 -112  -72 
  161 1232  -91  -31 
    0 1390   -7   -7 
 -158 1065  250  -89 
    1 1871  -43  -70 
   80  990   -4   -7 
   80 1631  -32  -19 
  -80 1149   72    4 
  -81 1790   -1   36 
   81 1152  -87  -54 
  -79  990   18  -72 
 -157  987  140 -145 
    0 1151  -33   16 
    1 1470   -2  -31 
    0 1311  -33    0 
   80 1873 -138  -14 
   79 1070  -23   53 
   82 1389   43  -84 
  -81 1229   50   38 
   18 1729   48   84 
 -139 1087  144  -26 
  100 1330  -20   -3 
  101 1650  -12  -41 
  -59 1011  -56  -52 
  -57 1650    7 -145 
 -140 1010  -13  -11 
   20 1811  -24    3 
 -141 1806  201   25 
   19 1011  -72   55 
   99  931  -68   48 
  -60 1090   13   -6 
  -60 1890    7   22 
  -20 1131  -44   -5 
  -21 1290   -7   27 
   60 1050  -10   22 
   60 1371  -46    3 
   61 1212  -82  -30 
   60 1850    9    3 
  -99 1048   88  -55 
 -100 1369   34    2 
 -100 1689   25   16 
  -19 1529   55  -50 
  -19 1851  -73  -25 
  141 1212 -119  -40 
   59 1289   28   54 
 -100 1128   98  -23 
   60 1130  -22   10 
   60 1452 -116   -9 
   59 1768   94   73 
 -102 1291  -42   79 
  179 1290  -19   32 
 -138  969   44 -112 
   20 1131  -70    1 
   20 1291  -42   -5 
  101 1369   50  -73 
  -60 1211  -35  -13 
  100 1213 -125   23 
  101 1530    3  -69 
  -60 1051  -24  -15 
 -139 1049   51  -52 
   20 1212  -80  -20 
   20 1530   12   10 
   22 1850  -22  -95 
  -61 1130   15   29 
  -60 1449   37  -11 
  -61 1769   31   44 
   99 1131  -44   34 
  -58 1611  -68 -114 
  139  928   80   48 
  140 1251  -35   14 
  137 1890  -12  160 
  -20 1090    9  -12 
  139 1411  -60   31 
  -20 1572  -90  -23 
   58 1011  -38  119 
   60 1649   36  -12 
   60 1171  -39  -11 
  -99 1650   10  -63 
  141 1329   54  -65 
  137 1808   95  143 
  -21 1330   20   38 
   59  932  -77   43 
   61 1251  -45  -30 
 -100 1728   81   18 
   60 1092  -96    0 
   58 1728   93   86 
 -100 1249   68   -7 
 -117  930   14 -129 
 -121 1890  -13   56 
   40 1091  -59  -19 
   38 1728   89   79 
 -120 1090   11    0 
   40  932 -111   -5 
   42 1251  -44  -75 
  119 1331  -57   53 
  118 1808   93  119 
  -39 1331  -55  -41 
 -122 1328   75   77 
   41 1490    3  -33 
  197 1809   62  128 
 -121 1807  151   52 
   37 1650   -3  171 
  159  969   68   50 
  160 1292 -118    0 
 -157  969   59 -171 
    0 1131  -65   -2 
 -161 1769   62   51 
  -81 1851  -38   43 
   80 1212 -116   10 
   79 1850    1   65 
 -158 1046  172 -104 
    0 1210  -24   20 
    1 1530   20  -46 
    1 1851  -56  -74 
   79  969   33   52 
   82 1291  -55  -79 
  -81 1129   31   62 
   39 1769   32   28 
   39  970   -8   33 
  -40 1051  -27  -14 
  -39 1370    0  -28 
   41 1851  -25  -68 
  197 1848   74  145 
   39 1689   71   30 
  120 1292  -95  -11 
  -40 1130  -20   -1 
  -41 1769   44   61 
  120 1452 -101  -12 
  -40  970  -10  -20 
  161 1253 -151  -49 
   -1 1728   98   45 
    1  929   32  -29 
    2 1890  -17 -113 
   80 1010   13   13 
  -80 1810   19   10 
   81 1490   18  -36 
   79 1807  137   75 
  -79 1010   -8  -29 
  159 1008   77   44 
 -157 1007  138 -155 
    0 1012  -77    0 
    0 1330   23   17 
   81 1251  -47  -67 
   80 1569   67   -8 
   81 1892 -103  -32 
   79 1092 -103   58 
   80 1728   88    8 
 -137  909   44 -154 
   19  911  -44   42 
  100 1312  -77   25 
  100 1631  -41  -19 
  -60 1150   21   -9 
  -59  990    4  -33 
  -58 1630   -1 -119 
  179 1311  -48   34 
 -137  989   42 -128 
   19 1151  -58   26 
 -141 1790  -12   45 
   19  991  -44   38 
  100 1232  -84  -13 
  -60 1069   30    1 
  -60 1390   19  -21 
  -59 1870  -13  -42 
  -21 1748   92   50 
   58 1669   34   76 
 -101 1829   35   47 
   60 1191  -49   -4 
   61 1511  -25  -34 
   59 1827  127   42 
  -98 1029   46  -82 
 -100 1670   22  -21 
  -20 1190  -12  -17 
  -20 1509   31  -20 
  -19 1831  -74  -63 
   61 1431  -42  -30 
   59 1749   61   71 
  -97  950   16 -157 
  179 1271  -57   26 
  180 1432  -88    4 
 -140 1429   69    7 
   20 1270   -8   14 
   19 1592  -94   56 
  101 1350   -4  -67 
  -59 1190  -14  -45 
  -59 1510   11  -24 
   98 1193 -123  109 
  101 1510    0  -70 
  -59 1030    8  -44 
 -140 1348  101    4 
   20 1192 -107  -19 
   20 1831  -33  -15 
  -60 1109   31   21 
  -60 1749   67    0 
  -59 1592 -100  -63 
  138  909   53   76 
  138 1869   73  124 
 -176  906  205 -189 
  -20 1071  -51    7 
  -19  909   68  -43 
   60 1311  -39  -19 
 -100 1149   39   24 
   60 1471  -39  -23 
 -101 1309   37   41 
  141 1311  -28  -24 
  -20 1150   -2    0 
  -19 1469   36  -56 
  -21 1790   -9   70 
   60  911  -47   24 
   61 1231  -66  -43 
   61 1551  -40  -33 
 -100 1070   16   18 
 -100 1711  -42   16 
   59 1071  -45   48 
  -97  910  -18 -149 
 -128  900  -16  -92 
 -129 1059   58  -27 
   30  901  -71   -3 
   32 1860    8 -104 
  109 1302  -89   27 
  -50 1139   52   17 
  -49 1459   52  -32 
 -128  980   14  -83 
  109  901  -30   34 
  110 1222 -102   23 
  109 1860   -2   65 
  -50 1060   -2  -15 
  -50 1380  -10  -10 
  -49 1699   67  -43 
  -50 1861  -39  -12 
  148 1261  -33   79 
  -10 1419   32    7 
  -11 1738   83   26 
  -10  940  -19   18 
  -10 1260   -6   24 
  -90 1820   20   -7 
   70 1181  -31   12 
   71 1500    8  -30 
  -89 1660   14  -64 
 -168 1017  162 -115 
  -11 1181  -43   48 
  -10 1500    3   -9 
  -10 1821  -66  -23 
  147 1817  129  154 
  -11 1339   31   26 
   70 1580  -13  -18 
   28 1739   52   76 
  190 1740   13  -16 
   29 1582 -101   32 
  110 1659   37    6 
  -50 1180   -8    1 
  -49 1340  -18  -51 
  -46 1659   65 -204 
  191 1340  -22  -25 
 -130 1339   73    4 
   30 1819   48    4 
 -129 1817  155  -25 
  -50 1099   39   23 
  -50 1420   -6   -5 
  109 1101  -51   55 
  -49 1583 -142  -71 
  150 1222  -74   -5 
  -10 1062  -87   14 
  -10 1380    9  -12 
   70 1460  -19   -9 
  150  980   12   -9 
 -166  977  155 -178 
   71 1222 -110  -50 
  -90 1699   48  -11 
  170 1242 -104   -1 
   10 1400    5  -13 
   10  921  -34  -14 
   10 1558   91  -12 
   91 1321  -52  -37 
  -70 1159   46  -24 
  -70 1800   -1   25 
   89 1798   80   40 
  -69 1001  -61  -72 
  -67 1641  -26 -133 
   10 1161  -32    0 
 -151 1800   -9   39 
    9 1001  -55   61 
    8 1321  -32   84 
  -70 1079   36    0 
   89 1081  -33   58 
   89 1719   25   25 
  -71 1240  -18   30 
  -30 1121  -44   17 
  -30 1440    0  -10 
  -31 1759   72   53 
  130 1442  -82  -13 
  -30  961  -28  -22 
  -31 1281  -34   38 
   49 1041  -68   73 
   49 1679   58   57 
   49 1201  -56   32 
   50 1840    5   -2 
 -108 1039   63  -82 
 -111 1359   53   43 
  -29 1519   31  -44 
  -29 1840  -21  -65 
  129 1201  -47   40 
  -30 1040    0   14 
  -30 1360   -5   -2 
   50  960   -3   15 
   50 1281  -31  -22 
   51 1121  -50  -35 
   49 1760   -2   70 
 -107  961  -42 -148 
 -111 1282 -114   63 
  169 1281  -41   28 
   10 1121  -73  -12 
   10 1282  -77  -19 
   89 1040   21   56 
   92 1360  -17  -74 
  -70 1840    1   22 
   89 1203 -136   58 
   91 1519   44  -53 
 -150 1358   94  -14 
   10 1201  -67   -9 
   12 1841  -57  -80 
   90 1282  -76  -22 
   91 1601  -49  -38 
  -70 1119   45   17 
  129  919   57   61 
  130 1881  -26   -3 
  -30 1081  -27   -1 
  -29 1400  -21  -41 
  129 1401  -66   63 
   50 1001  -31   20 
 -111 1798   86   51 
  129 1322  -80   55 
  -30 1160   16   24 
  -30 1479   40   -8 
  130 1800   15   -4 
   49  921  -69   40 
   51 1241  -52  -46 
   50 1561  -28  -22 
 -110 1080    9   11 
   50 1082 -122    3 
 -107  920  -18 -136 
 -109 1878   85  -25 
 -127  919   55 -145 
   29 1718  103   32 
 -130 1081  -40  -22 
   29  920   -6   44 
   30 1241  -50   19 
   31 1879   31  -41 
